2025 2 24 20 27 31 0
3
10
 1 939
5463882
5463072
5463147
5463734
5464553
5464712
5464431
5464139
5464159
5464441
5464519
5463661
5462971
5462922
5463145
5463359
5463368
5463169
5463031
5463319
5463891
5464494
5464376
5463394
5462969
5462801
5463499
5463805
5463727
5463683
5463945
5464639
5464529
5464452
5464099
5464878
5466054
5467067
5468635
5469821
5471768
5473235
5474531
5475902
5476949
5477803
5478006
5477924
5478104
5478192
5478544
5479357
5480471
5481650
5481678
5481032
5480518
5479644
5479088
5478103
5476589
5474717
5471545
5467293
5462222
5456681
5451747
5447584
5444150
5441888
5439350
5438016
5437168
5436680
5436549
5436066
5435986
5435922
5435996
5436056
5436046
5435462
5435359
5435294
5435600
5435735
5435829
5436643
5437883
5439311
5440109
5439843
5438892
5438630
5438513
5438542
5438265
5437923
5437647
5436945
5435619
5434373
5434079
5434601
5435081
5434808
5433758
5433015
5433246
5433448
5433342
5433023
5433103
5434010
5435056
5434807
5433935
5433078
5432887
5433741
5434581
5434895
5434987
5434708
5434953
5435699
5436556
5437725
5438608
5439309
5440112
5440878
5441634
5443013
5445558
5449059
5452303
5455166
5457553
5459684
5461713
5463258
5465446
5467784
5470423
5472427
5473821
5474759
5475129
5475604
5475959
5476540
5476918
5476939
5477168
5477619
5478212
5478475
5478459
5478781
5478558
5478391
5477772
5477546
5477675
5477651
5477033
5476626
5476653
5477380
5477886
5477805
5477521
5477628
5477896
5478449
5478425
5478162
5477458
5476618
5476595
5476535
5476709
5476740
5476974
5476840
5476188
5475474
5475273
5476092
5476754
5476980
5476596
5476118
5475774
5475717
5475920
5475891
5475434
5474684
5474748
5475765
5476609
5476052
5474605
5473660
5473787
5473967
5473740
5473138
5473237
5473978
5474336
5474116
5473341
5472910
5472994
5473634
5473744
5474065
5473818
5473732
5473456
5472889
5472550
5472116
5471653
5471528
5471470
5472304
5472664
5473194
5473057
5472409
5471385
5470657
5470337
5470541
5470490
5470481
5470010
5469356
5469305
5469948
5470780
5471249
5470996
5470690
5470862
5471387
5471678
5471542
5470722
5469666
5469368
5469093
5469526
5469701
5469625
5469350
5468782
5468659
5468835
5469082
5469028
5469006
5468699
5468688
5468472
5468093
5467979
5468076
5468497
5468718
5468740
5469018
5469078
5468178
5467737
5467607
5467972
5467861
5466983
5466327
5465937
5465606
5465679
5465279
5464907
5465138
5465641
5466243
5466301
5466310
5466108
5466227
5466069
5465902
5465220
5464634
5464772
5465538
5465988
5466312
5465926
5465991
5465309
5465293
5465361
5465427
5465473
5464958
5464483
5463981
5463940
5464073
5464623
5465120
5465282
5465255
5464662
5464162
5463462
5463549
5464340
5465018
5465370
5465102
5465307
5465903
5466123
5466170
5465687
5465627
5465550
5465517
5465417
5465308
5465317
5465369
5465519
5465552
5465643
5465179
5464953
5464629
5463858
5461987
5457776
5450402
5439948
5427846
5416384
5406839
5399221
5393378
5389726
5387743
5387157
5387162
5387149
5387370
5387717
5388464
5390049
5391821
5392971
5393633
5393748
5394780
5396348
5397772
5398948
5399886
5400823
5401692
5403139
5404838
5406879
5408053
5408658
5408433
5408148
5408361
5408947
5410059
5411112
5411959
5412208
5412289
5413320
5414306
5415611
5415758
5416281
5417221
5418099
5418233
5417410
5417306
5418266
5419640
5420670
5420770
5420321
5419831
5420170
5420915
5422013
5422772
5422844
5423051
5423280
5424116
5424972
5425901
5426811
5427081
5426672
5426974
5427970
5428906
5428633
5427829
5427462
5427860
5428184
5428681
5429552
5430585
5430948
5430644
5430599
5431437
5432214
5431829
5431228
5431050
5431228
5431877
5432704
5433771
5434072
5433777
5432960
5432545
5432677
5433145
5433982
5434707
5435288
5435672
5435806
5435699
5436158
5436508
5437093
5436942
5437125
5437698
5438764
5439192
5438548
5437891
5437646
5437628
5437450
5436991
5437112
5437241
5437706
5437992
5438148
5437971
5437491
5437520
5437898
5438316
5438280
5438113
5437971
5438676
5439221
5440500
5441711
5443117
5444638
5446241
5447106
5447523
5447671
5448095
5449082
5449899
5450982
5451987
5453134
5454398
5455402
5457220
5459083
5460990
5461801
5462821
5464802
5468319
5471560
5474223
5476044
5478352
5480864
5484046
5486863
5490071
5493660
5497765
5502630
5507410
5512156
5516407
5520757
5525601
5530271
5535408
5540278
5546420
5552972
5559494
5565294
5571280
5577725
5585017
5592963
5600162
5607307
5613841
5620886
5627706
5634600
5642130
5650527
5659322
5667562
5675527
5683531
5691493
5699196
5706504
5714002
5722425
5730548
5738359
5745429
5751889
5758350
5764245
5770434
5777164
5783848
5790046
5796050
5802197
5808209
5814101
5819646
5824937
5829854
5835143
5840450
5845874
5850481
5854445
5858322
5861598
5864234
5866829
5869627
5872709
5875275
5877507
5880189
5882948
5885136
5886752
5888174
5889609
5890482
5891653
5892608
5893914
5894566
5895282
5896234
5897275
5898366
5899386
5899940
5900294
5899836
5900054
5900407
5900940
5901448
5901128
5901032
5901316
5901697
5901125
5899179
5897354
5896185
5895382
5894229
5893184
5892435
5891359
5889616
5887610
5886107
5884293
5882356
5879715
5877290
5875253
5873327
5870599
5867328
5863800
5861162
5857821
5854552
5850590
5847062
5842450
5837664
5833225
5828926
5824559
5818660
5812798
5806415
5800486
5794745
5788036
5780948
5773975
5768359
5763071
5756859
5749250
5741418
5733520
5725772
5717650
5709482
5701451
5693997
5687045
5679926
5672092
5664249
5656679
5649285
5641683
5634215
5627102
5620222
5613174
5605760
5598597
5591279
5584674
5578717
5573233
5567450
5561095
5554689
5548357
5542346
5536896
5531674
5526897
5522190
5517409
5512955
5508624
5504637
5501165
5497282
5493333
5489727
5486715
5484408
5482382
5480290
5478014
5475640
5473436
5472047
5470602
5469027
5467306
5465931
5464934
5463287
5461497
5460174
5459374
5458652
5457847
5456980
5456994
5457301
5457333
5457201
5457032
5456708
5455774
5454455
5453682
5453370
5453056
5452503
5452257
5452139
5452328
5452068
5452376
5452712
5453200
5453208
5452989
5453034
5453278
5453031
5452984
5452518
5452856
5453334
5454091
5454631
5454043
5453988
5454036
5454657
5454669
5454249
5454048
5453866
5453827
5453619
5452999
5452730
5452801
5453342
5453390
5453099
5452917
5453619
5453957
5453658
5452862
5452540
5452983
5453567
5454072
5453952
5453085
5452489
5452486
5453600
5454068
5454391
5454026
5454039
5454114
5454134
5453928
5453667
5453642
5453964
5454307
5454448
5454409
5454207
5453777
5453127
5453207
5454124
5455182
5455322
5454962
5454758
5454713
5454748
5455254
5456080
5456395
5455734
5454839
5454204
5454383
5454177
5453827
5453776
5454121
5455263
5455865
5455748
5455027
5454801
5454672
5454895
5455575
5456483
5456880
5456332
5455969
5456210
5456600
5456404
5455806
5455304
5455098
5455605
5455757
5455428
5454592
5454498
5454953
5455679
5455574
5455220
5455097
5454941
5455249
5454928
5454636
5454021
5453524
5453821
5454107
5454813
5455079
5455437
5455631
5455591
5455158
5454795
5454575
5455184
5455972
5456596
5456531
5456032
5455324
5454729
5454404
5454691
5454862
5455250
5455182
5455338
5455614
5456285
5456864
5456877
5455832
5455089
5454901
5455932
5456709
5456491
5455537
5454521
5454321
5454776
5455292
5455326
5455133
5455005
5455102
5455425
5455310
5455329
5455172
5455534
5456483
5457176
5457440
5457128
5456873
5456342
5455917
5455444
5455965
5457039
5457275
5457114
5456356
5456245
5456298
5456456
5456304
5455868
5455050
5454865
5455026
5455286
5455298
5455214
5455218
5455417
5455986
5456337
5456604
5456483
5456511
5456167
5455777
5455629
5456111
5456685
5456728
5456594
5455985
5455301
5454460
5454438
5454406
5454975
5455240
5455683
5456289
5456353
5456172
5455896
5455539
5455794
