2008 6 25 0 1 47 0
3
10.000000
 1 1200
2919888
2919754
2919652
2919392
2919226
2919180
2919251
2919499
2919650
2919888
2919822
2919485
2918925
2918663
2918498
2918876
2919375
2920497
2921517
2923211
2924861
2926791
2928528
2930288
2932102
2934212
2936777
2939753
2942926
2945952
2948825
2951843
2954886
2957747
2960122
2962371
2964274
2966190
2967881
2969588
2971098
2972298
2973394
2974543
2975832
2976197
2976164
2975389
2974793
2974605
2974568
2973800
2972535
2970671
2968779
2966826
2965108
2963436
2961606
2959446
2957074
2954789
2952351
2950060
2947635
2945113
2942343
2940157
2938004
2936118
2933609
2931062
2928686
2926465
2924592
2922714
2921012
2919146
2917335
2915736
2914068
2912535
2911080
2909780
2908931
2907712
2906810
2905792
2904958
2904336
2903772
2903301
2902559
2901905
2901252
2900584
2900109
2899582
2899515
2899212
2899205
2899325
2899709
2899826
2899709
2899647
2900062
2900720
2901372
2902093
2902572
2903147
2903523
2903868
2903905
2903991
2904588
2905487
2906292
2907021
2907683
2908803
2909647
2910412
2911484
2912452
2913688
2914879
2915876
2916991
2918323
2919749
2921258
2922154
2922982
2923643
2924467
2925310
2926277
2927195
2927971
2929027
2929971
2930895
2931562
2932463
2933052
2933566
2933804
2933926
2933997
2933818
2933929
2933851
2934010
2933910
2933817
2933543
2933121
2932949
2932839
2932720
2932368
2931787
2931292
2931118
2931055
2930882
2930562
2930043
2929595
2929415
2929155
2929151
2928791
2928707
2928822
2928760
2928551
2928275
2928273
2928301
2928117
2927725
2927534
2927403
2927681
2927809
2928023
2927945
2928176
2928205
2928212
2928163
2928377
2928709
2928649
2928105
2927687
2927589
2927740
2927948
2928101
2928310
2928829
2929028
2928919
2928493
2927835
2927669
2927669
2927960
2927697
2927322
2926916
2927040
2927069
2927287
2927102
2927005
2926937
2926911
2926654
2926172
2925577
2925408
2925729
2925785
2925862
2925287
2925141
2925346
2925607
2925514
2925657
2925482
2925557
2925022
2925009
2924903
2925030
2925293
2925400
2925457
2925346
2925735
2926396
2926639
2927002
2926799
2926628
2926356
2925965
2925769
2925809
2926206
2926483
2926649
2926223
2926158
2926122
2926109
2925935
2925785
2925928
2925876
2925743
2925623
2925438
2925891
2926259
2926744
2926355
2925820
2925456
2925510
2925532
2925579
2925458
2925148
2924810
2924650
2924573
2924995
2925540
2925850
2925914
2925373
2924955
2924806
2924786
2925085
2925077
2925141
2924920
2924941
2925095
2925247
2925584
2925720
2925800
2925835
2926009
2925867
2925752
2925933
2926242
2926688
2926572
2926695
2926756
2926697
2926681
2927109
2927500
2927864
2927721
2927330
2926959
2927010
2927198
2927826
2928139
2927961
2927787
2927536
2927728
2927665
2927736
2927657
2927908
2927897
2927994
2928064
2928143
2928230
2928000
2927870
2927988
2928156
2928201
2927982
2927950
2928283
2928578
2928672
2928601
2928668
2928755
2928976
2928987
2929167
2929308
2929756
2930293
2930704
2930794
2930473
2930489
2930639
2930952
2931038
2931124
2931247
2931552
2932006
2932492
2932756
2932736
2932405
2932638
2933058
2933891
2934833
2935786
2937097
2938680
2940689
2943325
2948306
2955510
2966092
2979412
2996975
3018584
3043659
3071078
3098177
3123947
3145613
3163825
3177842
3188601
3196585
3201550
3204771
3206271
3207105
3207311
3206958
3206143
3205340
3204384
3203324
3202308
3201096
3200253
3199190
3198217
3197381
3196769
3195997
3194665
3193178
3191273
3189389
3186856
3184025
3180697
3177079
3172911
3168065
3162101
3155491
3148444
3141141
3133434
3124715
3115087
3105205
3095121
3085107
3074409
3063376
3052483
3041982
3032042
3021849
3011794
3001900
2992907
2984240
2976165
2968259
2961338
2954900
2948974
2943249
2938103
2934082
2930803
2927938
2925392
2923475
2922029
2920848
2919315
2918040
2917164
2916864
2916856
2916679
2916701
2916698
2916649
2916528
2916317
2916320
2916261
2916137
2916090
2916139
2916185
2916187
2916373
2916374
2916387
2916464
2916705
2917003
2917029
2917100
2917236
2917342
2917185
2916997
2916972
2917046
2916858
2916683
2916713
2916787
2916995
2916817
2916898
2916912
2917045
2917430
2917868
2918285
2918394
2918240
2917846
2917678
2917771
2918060
2918471
2918729
2918895
2918682
2918805
2918678
2918893
2918694
2918769
2918902
2918890
2918914
2918950
2919021
2919218
2919464
2919566
2919605
2919545
2919460
2919318
2919027
2919134
2919232
2919548
2919459
2919300
2919155
2919127
2919270
2919315
2919390
2919691
2919826
2919743
2919422
2919057
2918918
2919158
2919246
2919391
2919105
2918732
2918586
2918626
2919064
2919531
2919800
2919799
2919531
2919298
2919060
2919054
2918893
2918823
2918713
2918782
2918815
2919072
2919146
2919482
2919278
2919123
2919153
2919374
2919743
2919482
2919722
2919459
2919349
2919325
2919425
2919937
2919908
2920149
2920219
2920515
2920726
2921122
2921553
2922538
2923485
2924707
2926115
2928424
2931846
2936177
2941183
2947181
2954546
2963611
2974531
2987878
3004359
3024046
3047049
3073770
3104148
3138854
3177846
3222001
3271563
3325961
3384743
3447798
3514614
3585311
3659244
3735826
3814643
3894880
3975408
4056258
4135985
4213857
4289900
4362889
4433439
4499553
4561016
4617748
4670268
4718238
4762232
4801080
4835628
4865153
4890845
4912972
4932256
4949015
4963058
4974830
4983453
4989805
4994285
4996547
4997220
4995319
4991555
4986292
4979381
4970641
4959410
4945992
4930071
4911824
4890558
4865988
4838216
4806375
4770624
4731557
4689268
4642954
4592940
4538932
4481841
4421462
4358119
4292929
4225595
4156747
4086163
4014423
3942865
3871612
3801747
3732349
3664619
3599220
3536757
3477669
3421825
3368709
3318927
3272667
3230487
3192222
3156918
3124938
3096200
3070929
3048607
3029103
3011759
2996987
2984235
2973037
2963657
2955781
2949789
2944711
2940171
2936201
2932831
2930600
2928754
2927127
2925623
2924197
2923506
2922776
2922293
2921556
2921643
2921311
2921494
2920972
2921006
2921043
2920944
2921061
2921087
2921091
2921044
2920948
2921158
2921433
2921208
2921116
2920820
2921044
2921088
2921085
2921017
2921093
2921215
2921184
2921076
2921009
2920567
2920356
2920365
2920734
2921207
2921381
2921112
2921060
2921066
2921134
2921048
2920631
2920231
2920324
2920239
2920466
2920514
2920490
2920297
2920058
2920135
2920108
2920252
2920281
2920463
2920577
2920713
2920708
2920690
2920589
2920617
2920386
2920041
2919675
2919883
2919953
2919856
2919433
2919302
2919229
2919205
2919202
2919379
2919569
2919868
2919819
2919774
2919317
2918911
2918892
2919130
2919739
2919904
2919986
2919805
2919557
2919800
2920022
2920163
2919992
2920127
2920594
2920959
2920853
2920572
2920332
2920269
2920157
2920123
2919903
2919672
2919748
2919354
2919410
2919135
2919458
2919832
2919651
2919736
2919683
2919956
2919905
2919749
2919660
2919582
2919709
2919888
2919888
2919687
2919340
2919397
2919453
2919741
2919424
2919331
2919121
2918985
2919241
2919354
2919450
2919298
2918931
2918950
2919066
2919161
2919164
2919266
2919334
2919390
2919361
2919362
2919256
2919193
2919076
2919195
2919275
2919356
2919585
2919586
2919343
2919309
2919219
2919529
2919340
2919331
2919699
2920224
2920677
2920743
2920792
2920730
2920771
2920826
2920853
2920707
2920480
2920465
2920524
2920278
2919822
2919617
2919836
2920004
2919773
2919378
2919216
2919459
2920032
2920376
2920214
2919782
2919283
2919446
2919937
2920445
2920504
2920288
2920076
2920078
2919953
2919823
2919642
2919303
2919252
2918965
2918954
2918806
2919038
2919400
2919599
2919456
2919264
2918948
2919292
2919483
2919693
2919418
2919174
2919160
2919363
2919572
2919699
2919684
2919448
2919464
2919212
2919013
2919246
2919683
2920056
2919954
2919604
2919739
2919876
2919922
2919762
2919755
2920125
2920346
2920409
2920406
2920243
2920279
2920537
2921035
2921349
2921111
2920674
2920471
2920452
2920554
2920527
2920471
2920522
2920471
2920361
2920428
2920434
2920667
2920555
2920309
2919973
2919811
2919834
2920078
2920180
2920101
2919879
2919653
2919556
2919524
2919450
2919330
2919703
2919689
2920007
2919491
2919548
2919516
2919694
2919749
2919659
2919701
2919720
2919524
2919231
2919223
2919458
2919607
2919579
2919486
2919813
2919856
2919863
2919569
2919545
2919418
2919438
2919553
2919748
2919953
2919964
2920169
2920191
2920372
2920324
2920246
2920159
2920190
2920197
2920172
2919937
2919571
2919715
2919754
2920073
2920092
2920432
2920776
2920895
2920736
2920484
2920329
2920460
2920661
2920621
2920513
2920628
2920558
2920690
2920562
2920721
2920939
2920861
2920644
2920228
2920145
2919652
2919429
2919209
2919401
2919872
2919823
2919750
2919630
2919701
2919942
2920329
2920041
2919713
2919297
2919098
2918940
2918777
2918747
2919011
2918810
2918661
2918275
2918598
2919098
2919240
2919169
2919160
2919553
2919888
2919951
2920019
2919952
2919661
2919565
2919879
2920479
2920439
2919953
2919784
2920015
2920297
2920101
2919889
2919954
2920212
2920055
2919851
2919758
2920061
2920323
2920550
2920614
2920581
2920289
2920224
2920293
2920648
2920773
2920581
2920640
2920409
2920293
2920082
2919880
2919888
2920038
2920491
2920584
2920416
2920045
2919958
2920017
2919962
2920314
2920331
2920493
2920519
2920802
2920716
2920350
2919741
2919448
2919302
2919243
2919592
2919963
2920269
2919890
2919621
2919328
2919532
2919501
2919549
2919913
2920069
2920193
2919985
2919959
2920165
2920498
2920525
2920043
2919717
2919735
2919672
2919537
2919243
2919606
2919907
2920354
2920184
2920082
2919904
2920456
2920590
2920644
2920381
2920108
2920049
2919744
2920019
2920260
2920254
2920312
2920177
2920331
2920375
2920547
2920460
2920597
2920319
2920400
2920272
2920143
2920087
2920001
2920128
2920134
2920319
2920373
2920461
2920430
2920341
2920344
2920072
2919720
2919527
2919554
2920163
2920256
2920082
2919592
2919312
2919363
2919452
2919754
2919991
2920069
2919772
2919375
2919257
2919325
2919567
2919702
2919819
2919424
