         220       3
   0   0  18  36  54  72 144 143 142 141 140 139 138 137 137 136 135 134 133
 132 131 131 130 129 128 127 126 125 125 124 123 122 121 120 119 118 118 117
 116 115 114 113 112 112 111 110 109 108 107 106 106 105 104 103 102 101 100
  99  99  98  97  96  95  94  93  93  92  91  90  89  88  87  87  86  85  84
  83  82  81  81  81  82  83  84  85  86  87  88  89  90  91  92  92  93  94
  95  96  97  98  99 100 101 102 103 103 104 105 106 107 108 109 110 111 112
 113 114 114 115 116 117 118 119 120 121 122 123 124 125 133 140 148 156 163
 171 178 186 194 201 209 216 224 232 239 247 255 255 255 255 255 255 255 255
 255 255 255 255 255 255 255 255 255 255 255 255 255 255 255 255 255 255 255
 255 255 255 255 255 255 255 255 255 255 255 255 255 255 255 255 255 255 255
 255 255 255 255 255 255 255 255 255 255 255 255 255 255 255 255 255 255 255
 255 255 255 255 255 255 255 255 255 255 255
   0   0   0   0   0   0   0   2   5   7  10  12  15  18  20  23  25  28  30
  33  36  38  41  43  46  48  51  54  56  59  61  64  66  69  72  74  77  79
  82  84  87  90  92  95  97 100 103 105 108 110 113 115 118 121 123 126 128
 131 133 136 139 141 144 146 149 151 154 157 159 162 164 167 169 172 175 177
 180 182 185 188 188 189 190 190 191 192 192 193 194 195 195 196 197 197 198
 199 200 200 201 202 202 203 204 205 205 206 207 207 208 209 209 210 211 212
 212 213 214 214 215 216 217 217 218 219 219 220 221 222 223 225 227 229 231
 233 235 237 239 241 243 245 247 249 251 253 255 251 248 244 241 237 234 230
 227 223 220 217 213 210 206 203 199 196 192 189 186 182 179 175 172 168 165
 161 158 155 151 148 144 141 137 134 130 127 124 120 117 113 110 106 103  99
  96  93  89  86  82  79  75  72  68  65  62  58  55  51  48  44  41  37  34
  31  27  24  20  17  13  10   6 255 255 255
   0   1  19  37  55  73 165 165 165 165 166 166 166 167 167 167 167 168 168
 168 169 169 169 169 170 170 170 171 171 171 171 172 172 172 173 173 173 173
 174 174 174 175 175 175 175 176 176 176 177 177 177 177 178 178 178 179 179
 179 179 180 180 180 181 181 181 181 182 182 182 183 183 183 183 184 184 184
 185 185 185 186 182 179 175 172 168 165 161 158 155 151 148 144 141 137 134
 131 127 124 120 117 113 110 106 103 100  96  93  89  86  82  79  76  72  69
  65  62  58  55  51  48  45  41  38  34  31  27  24  21  20  19  17  16  15
  14  12  11  10   8   7   6   5   3   2   1   0   0   0   0   0   0   0   0
   0   0   0   0   0   0   0   0   0   0   0   0   0   0   0   0   0   0   0
   0   0   0   0   0   0   0   0   0   0   0   0   0   0   0   0   0   0   0
   0   0   0   0   0   0   0   0   0   0   0   0   0   0   0   0   0   0   0
   0   0   0   0   0   0   0   0 255 255 255
