 82.45  -62.52	 0.0  0.5   0.5  ALERT
 23.18    5.42	 0.0  0.7   0.5  ALGERIA
 -7.92  -14.42   0.0 -1.0   0.5  ASCENSION ISLAND
 38.75  -27.08   0.0  0.7   0.5  AZORES
 32.32  -65.00   0.9  0.5   0.5  BERMUDA (2)
 55.43   16.95  -0.5 -0.9   0.0  BALTIC
 71.32 -156.60  -0.2  1.0   0.5  BARROW
 55.20 -162.72  -0.5 -1.0   0.0  COLD BAY
-40.68  144.78   0.0 -1.0   1.0  CAPE GRIM
 40.90 -104.80   0.5 -0.4   0.0  CARR
  1.70 -157.17   0.2 -0.2   0.0  CHRISTMAS ISLAND
 45.00 -124.00  -0.4  0.3   1.0  CAPE MEARES
-46.45   51.85   0.0 -1.0   0.5  CROZET
-29.15 -109.43   0.0 -1.0   0.5  EASTER ISLAND
 13.43  144.78   0.0 -1.0   0.5  GUAM
-75.67  -25.50   0.0  0.5   1.0  HALLEY BAY
 46.97   16.38  -0.2  0.1   0.0  HUNGARY
 63.25  -20.15   0.0 -1.0   0.5  ICELAND 
 25.67  -80.20   0.4 -0.2   0.0  KEY BISCAYNE
 44.58   77.75   0.0  0.7   0.5  KAZAKSTAN (2)
 18.52 -154.82  -1.5 -0.4   1.0  CAPE KUMUKAHI
 53.43   -9.73  -0.7  0.0   1.0  MACE HEAD
 36.05   14.18  -0.7 -0.8   1.0  MALTA
 19.53 -155.58  -1.5  0.4   1.0  MAUNA LOA
 28.22 -177.37   0.0  0.7   0.5  MIDWAY ISLAND
 40.05 -105.63  -0.3 -1.0   0.5  NIWOT RIDGE
-23.57   15.03   1.0  0.7   0.5  NAMIBIA
-64.92  -64.00  -0.7 -0.2   1.0  PALMER STATION
 13.17  -59.43   0.2 -0.2   0.0  BARBADOS
 44.33   28.67   1.0 -1.35  0.5  ROMANIA
 -4.67   55.17   0.0 -1.0   0.5  SEYCHELLES
 52.72  174.10   0.0 -1.0   0.9  SHEMYA
-14.25 -170.57   0.2 -0.2   0.0  SAMOA
-87.98  -80.00   0.0  1.0   0.5  SOUTH POLE
 66.00    2.00   0.0  1.0   0.5  STATION 'M'
 72.58  -38.48  -0.5  0.7   0.5  SUMMIT
-69.00   39.58   0.0 -1.0   0.5  SYOWA
 36.73  126.13  -1.1 -1.7   0.0  TAE-AHN PEN.
-54.87  -68.48  -1.0 -0.6   1.0  TIERRA DEL FUEGO
 28.25  -16.67  -0.4  0.0   1.0  TENERIFE
 36.25   98.00  -0.7  0.3   1.0  QINGHAI  !CPROVINCE
 44.45  111.10   0.0  0.5   0.4  MONGOLIA
 39.90 -113.72   0.8  0.6   1.0  UTAH
 35.35  -77.38  -1.0 -0.7   1.0  WITN
 31.13   34.88   0.0  0.1   0.0  NEGEV DESERT
 45.93  -90.27  -0.6  0.2   1.0  WLEF
 78.90   11.88  -0.4  0.7   0.5  ZEPPELIN
