         236       3
   0   0   0   0   0   0   0   0   0   0   0   0   0   0   0   0 255 255 255
 255 255 255 255 255 255 255 255 255 255 255 255 255   0   0   0   0   0   0
   0   0   0   0   0   0   0   0   0   0   0   0   0   0   0   0   0   0   0
   0   0   0   0   0   0   0   0   0   0   0   0   0   0   0   0   0   0   0
   0   0   0   0 255 255 255 255 255 255 255 255 255 255 255 255 255 255 255
 255 128 128 128 128 128 128 128 128 128 128 128 128 128 128 128 128 128 128
 128 128 128 128 128 128 128 128 128 128 128 128 128 128 128 128 128 128 128
 128 128 128 128 128 128 128 128 128 128 128 173 173 173 173 173 173 173 173
 173 173 173 173 173 173 173 173 255 255 255 255 255 255 255 255 255 255 255
 255 255 255 255 255 128 128 128 128 128 128 128 128 128 128 128 128 128 128
 128 128 255 255 255 255 255 255 255 255 255 255 255 255 255 255 255 255 255
 255 255 255 255 255 255 255 255 255 255 255 255 255 255 240 242 243 244 245
 246 247 248 249 250 251 252 253
   0   0   0   0   0   0   0   0   0   0   0   0   0   0   0   0   0   0   0
   0   0   0   0   0   0   0   0   0   0   0   0   0 255 255 255 255 255 255
 255 255 255 255 255 255 255 255 255 255 255 255 255 255 255 255 255 255 255
 255 255 255 255 255 255 255   0   0   0   0   0   0   0   0   0   0   0   0
   0   0   0   0   0   0   0   0   0   0   0   0   0   0   0   0   0   0   0
   0   0   0   0   0   0   0   0   0   0   0   0   0   0   0   0   0 128 128
 128 128 128 128 128 128 128 128 128 128 128 128 128 128 255 255 255 255 255
 255 255 255 255 255 255 255 255 255 255 255   0   0   0   0   0   0   0   0
   0   0   0   0   0   0   0   0 128 128 128 128 128 128 128 128 128 128 128
 128 128 128 128 128 128 128 128 128 128 128 128 128 128 128 128 128 128 128
 128 128 255 255 255 255 255 255 255 255 255 255 255 255 255 255 255 255 255
 255 255 255 255 255 255 255 255 255 255 255 255 255 255 240 242 243 244 245
 246 247 248 249 250 251 252 253
   0   0   0   0   0   0   0   0   0   0   0   0   0   0   0   0   0   0   0
   0   0   0   0   0   0   0   0   0   0   0   0   0 255 255 255 255 255 255
 255 255 255 255 255 255 255 255 255 255   0   0   0   0   0   0   0   0   0
   0   0   0   0   0   0   0 255 255 255 255 255 255 255 255 255 255 255 255
 255 255 255 255 255 255 255 255 255 255 255 255 255 255 255 255 255 255 255
 255 128 128 128 128 128 128 128 128 128 128 128 128 128 128 128 128 128 128
 128 128 128 128 128 128 128 128 128 128 128 128 128 128 128 128 128 128 128
 128 128 128 128 128 128 128 128 128 128 128   0   0   0   0   0   0   0   0
   0   0   0   0   0   0   0   0   0   0   0   0   0   0   0   0   0   0   0
   0   0   0   0   0 255 255 255 255 255 255 255 255 255 255 255 255 255 255
 255 255   0   0   0   0   0   0   0   0   0   0   0   0   0   0   0   0 255
 255 255 255 255 255 255 255 255 255 255 255 255 255 255 240 242 243 244 245
 246 247 248 249 250 251 252 253
