  1979.000000000  3.360940000e+02
  1979.020833302  3.363310000e+02
  1979.041666698  3.365690000e+02
  1979.062500000  3.367930000e+02
  1979.083333302  3.369900000e+02
  1979.104166698  3.371590000e+02
  1979.125000000  3.373020000e+02
  1979.145833302  3.374300000e+02
  1979.166666698  3.375500000e+02
  1979.187500000  3.377380000e+02
  1979.208333302  3.378830000e+02
  1979.229166698  3.380290000e+02
  1979.250000000  3.381620000e+02
  1979.270833302  3.382710000e+02
  1979.291666698  3.383480000e+02
  1979.312500000  3.383880000e+02
  1979.333333302  3.383920000e+02
  1979.354166698  3.383660000e+02
  1979.375000000  3.382950000e+02
  1979.395833302  3.381790000e+02
  1979.416666698  3.380060000e+02
  1979.437500000  3.377620000e+02
  1979.458333302  3.374380000e+02
  1979.479166698  3.370330000e+02
  1979.500000000  3.365610000e+02
  1979.520833302  3.360490000e+02
  1979.541666698  3.355340000e+02
  1979.562500000  3.350590000e+02
  1979.583333302  3.346660000e+02
  1979.604166698  3.343930000e+02
  1979.625000000  3.342510000e+02
  1979.645833302  3.342410000e+02
  1979.666666698  3.344900000e+02
  1979.687500000  3.346960000e+02
  1979.708333302  3.349780000e+02
  1979.729166698  3.353120000e+02
  1979.750000000  3.356720000e+02
  1979.770833302  3.360370000e+02
  1979.791666698  3.363860000e+02
  1979.812500000  3.367040000e+02
  1979.833333302  3.369780000e+02
  1979.854166698  3.372040000e+02
  1979.875000000  3.373840000e+02
  1979.895833302  3.375280000e+02
  1979.916666698  3.376510000e+02
  1979.937500000  3.377110000e+02
  1979.958333302  3.378110000e+02
  1979.979166698  3.379560000e+02
  1980.000000000  3.381710000e+02
  1980.020833302  3.383790000e+02
  1980.041666698  3.385240000e+02
  1980.062500000  3.387470000e+02
  1980.083333302  3.389610000e+02
  1980.104166698  3.391490000e+02
  1980.125000000  3.393060000e+02
  1980.145833302  3.393990000e+02
  1980.166666698  3.394760000e+02
  1980.187500000  3.395370000e+02
  1980.208333302  3.395920000e+02
  1980.229166698  3.396580000e+02
  1980.250000000  3.397440000e+02
  1980.270833302  3.398560000e+02
  1980.291666698  3.399890000e+02
  1980.312500000  3.401210000e+02
  1980.333333302  3.402830000e+02
  1980.354166698  3.403990000e+02
  1980.375000000  3.404890000e+02
  1980.395833302  3.404880000e+02
  1980.416666698  3.404260000e+02
  1980.437500000  3.402800000e+02
  1980.458333302  3.400660000e+02
  1980.479166698  3.397330000e+02
  1980.500000000  3.393120000e+02
  1980.520833302  3.388600000e+02
  1980.541666698  3.384120000e+02
  1980.562500000  3.380010000e+02
  1980.583333302  3.376490000e+02
  1980.604166698  3.373670000e+02
  1980.625000000  3.371580000e+02
  1980.645833302  3.370190000e+02
  1980.666666698  3.369490000e+02
  1980.687500000  3.369440000e+02
  1980.708333302  3.369850000e+02
  1980.729166698  3.371490000e+02
  1980.750000000  3.372900000e+02
  1980.770833302  3.375250000e+02
  1980.791666698  3.378050000e+02
  1980.812500000  3.381100000e+02
  1980.833333302  3.384170000e+02
  1980.854166698  3.387050000e+02
  1980.875000000  3.389600000e+02
  1980.895833302  3.391740000e+02
  1980.916666698  3.393530000e+02
  1980.937500000  3.395050000e+02
  1980.958333302  3.396430000e+02
  1980.979166698  3.397760000e+02
  1981.000000000  3.399100000e+02
  1981.020833302  3.400490000e+02
  1981.041666698  3.401870000e+02
  1981.062500000  3.403240000e+02
  1981.083333302  3.404600000e+02
  1981.104166698  3.405970000e+02
  1981.125000000  3.407410000e+02
  1981.145833302  3.408960000e+02
  1981.166666698  3.410610000e+02
  1981.187500000  3.412320000e+02
  1981.208333302  3.414010000e+02
  1981.229166698  3.415390000e+02
  1981.250000000  3.416420000e+02
  1981.270833302  3.417040000e+02
  1981.291666698  3.416970000e+02
  1981.312500000  3.416800000e+02
  1981.333333302  3.416310000e+02
  1981.354166698  3.415540000e+02
  1981.375000000  3.414500000e+02
  1981.395833302  3.413150000e+02
  1981.416666698  3.411430000e+02
  1981.437500000  3.409260000e+02
  1981.458333302  3.406590000e+02
  1981.479166698  3.403430000e+02
  1981.500000000  3.399860000e+02
  1981.520833302  3.396020000e+02
  1981.541666698  3.392100000e+02
  1981.562500000  3.388460000e+02
  1981.583333302  3.384940000e+02
  1981.604166698  3.382860000e+02
  1981.625000000  3.380330000e+02
  1981.645833302  3.378580000e+02
  1981.666666698  3.377740000e+02
  1981.687500000  3.377900000e+02
  1981.708333302  3.379060000e+02
  1981.729166698  3.381130000e+02
  1981.750000000  3.383950000e+02
  1981.770833302  3.387260000e+02
  1981.791666698  3.390770000e+02
  1981.812500000  3.394210000e+02
  1981.833333302  3.397330000e+02
  1981.854166698  3.399990000e+02
  1981.875000000  3.402130000e+02
  1981.895833302  3.403790000e+02
  1981.916666698  3.405120000e+02
  1981.937500000  3.406260000e+02
  1981.958333302  3.407390000e+02
  1981.979166698  3.408670000e+02
  1982.000000000  3.410230000e+02
  1982.020833302  3.411910000e+02
  1982.041666698  3.413700000e+02
  1982.062500000  3.415500000e+02
  1982.083333302  3.417140000e+02
  1982.104166698  3.418550000e+02
  1982.125000000  3.419680000e+02
  1982.145833302  3.420560000e+02
  1982.166666698  3.421300000e+02
  1982.187500000  3.421350000e+02
  1982.208333302  3.422180000e+02
  1982.229166698  3.423080000e+02
  1982.250000000  3.423990000e+02
  1982.270833302  3.424800000e+02
  1982.291666698  3.425410000e+02
  1982.312500000  3.425680000e+02
  1982.333333302  3.425540000e+02
  1982.354166698  3.424970000e+02
  1982.375000000  3.423960000e+02
  1982.395833302  3.422530000e+02
  1982.416666698  3.420640000e+02
  1982.437500000  3.418310000e+02
  1982.458333302  3.415340000e+02
  1982.479166698  3.411720000e+02
  1982.500000000  3.407450000e+02
  1982.520833302  3.402640000e+02
  1982.541666698  3.397500000e+02
  1982.562500000  3.392310000e+02
  1982.583333302  3.387440000e+02
  1982.604166698  3.383260000e+02
  1982.625000000  3.380110000e+02
  1982.645833302  3.378250000e+02
  1982.666666698  3.377790000e+02
  1982.687500000  3.378710000e+02
  1982.708333302  3.380890000e+02
  1982.729166698  3.384070000e+02
  1982.750000000  3.387930000e+02
  1982.770833302  3.392120000e+02
  1982.791666698  3.396320000e+02
  1982.812500000  3.400280000e+02
  1982.833333302  3.403870000e+02
  1982.854166698  3.407010000e+02
  1982.875000000  3.409740000e+02
  1982.895833302  3.412090000e+02
  1982.916666698  3.414160000e+02
  1982.937500000  3.416050000e+02
  1982.958333302  3.417800000e+02
  1982.979166698  3.419450000e+02
  1983.000000000  3.420960000e+02
  1983.020833302  3.422420000e+02
  1983.041666698  3.423760000e+02
  1983.062500000  3.425000000e+02
  1983.083333302  3.426010000e+02
  1983.104166698  3.426840000e+02
  1983.125000000  3.427500000e+02
  1983.145833302  3.428070000e+02
  1983.166666698  3.428660000e+02
  1983.187500000  3.429350000e+02
  1983.208333302  3.430210000e+02
  1983.229166698  3.431280000e+02
  1983.250000000  3.432530000e+02
  1983.270833302  3.433870000e+02
  1983.291666698  3.435220000e+02
  1983.312500000  3.436460000e+02
  1983.333333302  3.437500000e+02
  1983.354166698  3.438280000e+02
  1983.375000000  3.438720000e+02
  1983.395833302  3.438770000e+02
  1983.416666698  3.438350000e+02
  1983.437500000  3.437340000e+02
  1983.458333302  3.435620000e+02
  1983.479166698  3.433130000e+02
  1983.500000000  3.429870000e+02
  1983.520833302  3.425930000e+02
  1983.541666698  3.421510000e+02
  1983.562500000  3.416890000e+02
  1983.583333302  3.412430000e+02
  1983.604166698  3.408470000e+02
  1983.625000000  3.405350000e+02
  1983.645833302  3.403320000e+02
  1983.666666698  3.402520000e+02
  1983.687500000  3.402970000e+02
  1983.708333302  3.404580000e+02
  1983.729166698  3.407140000e+02
  1983.750000000  3.410380000e+02
  1983.770833302  3.413990000e+02
  1983.791666698  3.417650000e+02
  1983.812500000  3.421080000e+02
  1983.833333302  3.424090000e+02
  1983.854166698  3.426580000e+02
  1983.875000000  3.428550000e+02
  1983.895833302  3.430160000e+02
  1983.916666698  3.431580000e+02
  1983.937500000  3.433030000e+02
  1983.958333302  3.434680000e+02
  1983.979166698  3.436600000e+02
  1984.000000000  3.438850000e+02
  1984.020833302  3.441150000e+02
  1984.041666698  3.443380000e+02
  1984.062500000  3.445350000e+02
  1984.083333302  3.446900000e+02
  1984.104166698  3.447960000e+02
  1984.125000000  3.448530000e+02
  1984.145833302  3.448700000e+02
  1984.166666698  3.448590000e+02
  1984.187500000  3.448360000e+02
  1984.208333302  3.450160000e+02
  1984.229166698  3.450210000e+02
  1984.250000000  3.450510000e+02
  1984.270833302  3.451070000e+02
  1984.291666698  3.451840000e+02
  1984.312500000  3.452720000e+02
  1984.333333302  3.453510000e+02
  1984.354166698  3.453960000e+02
  1984.375000000  3.453860000e+02
  1984.395833302  3.453030000e+02
  1984.416666698  3.451410000e+02
  1984.437500000  3.449020000e+02
  1984.458333302  3.445990000e+02
  1984.479166698  3.442520000e+02
  1984.500000000  3.438860000e+02
  1984.520833302  3.435200000e+02
  1984.541666698  3.431730000e+02
  1984.562500000  3.428570000e+02
  1984.583333302  3.425800000e+02
  1984.604166698  3.423480000e+02
  1984.625000000  3.421660000e+02
  1984.645833302  3.420420000e+02
  1984.666666698  3.419840000e+02
  1984.687500000  3.419960000e+02
  1984.708333302  3.420790000e+02
  1984.729166698  3.422270000e+02
  1984.750000000  3.424320000e+02
  1984.770833302  3.426820000e+02
  1984.791666698  3.429850000e+02
  1984.812500000  3.432810000e+02
  1984.833333302  3.435830000e+02
  1984.854166698  3.438830000e+02
  1984.875000000  3.441720000e+02
  1984.895833302  3.444410000e+02
  1984.916666698  3.446800000e+02
  1984.937500000  3.448780000e+02
  1984.958333302  3.450300000e+02
  1984.979166698  3.451330000e+02
  1985.000000000  3.452730000e+02
  1985.020833302  3.453170000e+02
  1985.041666698  3.453470000e+02
  1985.062500000  3.453890000e+02
  1985.083333302  3.454660000e+02
  1985.104166698  3.455920000e+02
  1985.125000000  3.457710000e+02
  1985.145833302  3.459920000e+02
  1985.166666698  3.462350000e+02
  1985.187500000  3.464730000e+02
  1985.208333302  3.466810000e+02
  1985.229166698  3.468380000e+02
  1985.250000000  3.469210000e+02
  1985.270833302  3.469620000e+02
  1985.291666698  3.469590000e+02
  1985.312500000  3.469270000e+02
  1985.333333302  3.468810000e+02
  1985.354166698  3.468590000e+02
  1985.375000000  3.468030000e+02
  1985.395833302  3.467000000e+02
  1985.416666698  3.465930000e+02
  1985.437500000  3.464390000e+02
  1985.458333302  3.463490000e+02
  1985.479166698  3.460870000e+02
  1985.500000000  3.457560000e+02
  1985.520833302  3.453660000e+02
  1985.541666698  3.449340000e+02
  1985.562500000  3.444790000e+02
  1985.583333302  3.440360000e+02
  1985.604166698  3.436330000e+02
  1985.625000000  3.433090000e+02
  1985.645833302  3.431810000e+02
  1985.666666698  3.430260000e+02
  1985.687500000  3.431010000e+02
  1985.708333302  3.432960000e+02
  1985.729166698  3.435890000e+02
  1985.750000000  3.439430000e+02
  1985.770833302  3.442830000e+02
  1985.791666698  3.446550000e+02
  1985.812500000  3.450010000e+02
  1985.833333302  3.453100000e+02
  1985.854166698  3.455770000e+02
  1985.875000000  3.458070000e+02
  1985.895833302  3.460090000e+02
  1985.916666698  3.461960000e+02
  1985.937500000  3.463760000e+02
  1985.958333302  3.465520000e+02
  1985.979166698  3.467230000e+02
  1986.000000000  3.468890000e+02
  1986.020833302  3.470240000e+02
  1986.041666698  3.471310000e+02
  1986.062500000  3.472100000e+02
  1986.083333302  3.472620000e+02
  1986.104166698  3.472970000e+02
  1986.125000000  3.473260000e+02
  1986.145833302  3.473730000e+02
  1986.166666698  3.474340000e+02
  1986.187500000  3.475220000e+02
  1986.208333302  3.476340000e+02
  1986.229166698  3.479290000e+02
  1986.250000000  3.480440000e+02
  1986.270833302  3.481500000e+02
  1986.291666698  3.482380000e+02
  1986.312500000  3.483070000e+02
  1986.333333302  3.483530000e+02
  1986.354166698  3.483730000e+02
  1986.375000000  3.483570000e+02
  1986.395833302  3.483050000e+02
  1986.416666698  3.481530000e+02
  1986.437500000  3.480210000e+02
  1986.458333302  3.478190000e+02
  1986.479166698  3.475360000e+02
  1986.500000000  3.471760000e+02
  1986.520833302  3.467500000e+02
  1986.541666698  3.462930000e+02
  1986.562500000  3.458390000e+02
  1986.583333302  3.454260000e+02
  1986.604166698  3.450890000e+02
  1986.625000000  3.448520000e+02
  1986.645833302  3.447470000e+02
  1986.666666698  3.445420000e+02
  1986.687500000  3.446220000e+02
  1986.708333302  3.448020000e+02
  1986.729166698  3.450580000e+02
  1986.750000000  3.453660000e+02
  1986.770833302  3.457030000e+02
  1986.791666698  3.460460000e+02
  1986.812500000  3.463780000e+02
  1986.833333302  3.466830000e+02
  1986.854166698  3.471570000e+02
  1986.875000000  3.473650000e+02
  1986.895833302  3.475220000e+02
  1986.916666698  3.476390000e+02
  1986.937500000  3.477300000e+02
  1986.958333302  3.477970000e+02
  1986.979166698  3.477890000e+02
  1987.000000000  3.477990000e+02
  1987.020833302  3.479030000e+02
  1987.041666698  3.480260000e+02
  1987.062500000  3.481130000e+02
  1987.083333302  3.482560000e+02
  1987.104166698  3.484200000e+02
  1987.125000000  3.485480000e+02
  1987.145833302  3.487300000e+02
  1987.166666698  3.489120000e+02
  1987.187500000  3.490980000e+02
  1987.208333302  3.493000000e+02
  1987.229166698  3.494820000e+02
  1987.250000000  3.496500000e+02
  1987.270833302  3.498550000e+02
  1987.291666698  3.500030000e+02
  1987.312500000  3.501310000e+02
  1987.333333302  3.502240000e+02
  1987.354166698  3.502870000e+02
  1987.375000000  3.503220000e+02
  1987.395833302  3.502690000e+02
  1987.416666698  3.501230000e+02
  1987.437500000  3.498880000e+02
  1987.458333302  3.494710000e+02
  1987.479166698  3.491250000e+02
  1987.500000000  3.487250000e+02
  1987.520833302  3.482790000e+02
  1987.541666698  3.478330000e+02
  1987.562500000  3.474100000e+02
  1987.583333302  3.471160000e+02
  1987.604166698  3.467820000e+02
  1987.625000000  3.465400000e+02
  1987.645833302  3.463950000e+02
  1987.666666698  3.463660000e+02
  1987.687500000  3.464480000e+02
  1987.708333302  3.466380000e+02
  1987.729166698  3.469120000e+02
  1987.750000000  3.472550000e+02
  1987.770833302  3.476080000e+02
  1987.791666698  3.479820000e+02
  1987.812500000  3.483390000e+02
  1987.833333302  3.486750000e+02
  1987.854166698  3.489850000e+02
  1987.875000000  3.492660000e+02
  1987.895833302  3.495230000e+02
  1987.916666698  3.497560000e+02
  1987.937500000  3.499930000e+02
  1987.958333302  3.502390000e+02
  1987.979166698  3.504290000e+02
  1988.000000000  3.505630000e+02
  1988.020833302  3.507590000e+02
  1988.041666698  3.508970000e+02
  1988.062500000  3.510880000e+02
  1988.083333302  3.512330000e+02
  1988.104166698  3.513750000e+02
  1988.125000000  3.514850000e+02
  1988.145833302  3.515710000e+02
  1988.166666698  3.516670000e+02
  1988.187500000  3.517590000e+02
  1988.208333302  3.518560000e+02
  1988.229166698  3.519130000e+02
  1988.250000000  3.520530000e+02
  1988.270833302  3.521810000e+02
  1988.291666698  3.523050000e+02
  1988.312500000  3.524160000e+02
  1988.333333302  3.525070000e+02
  1988.354166698  3.525290000e+02
  1988.375000000  3.524820000e+02
  1988.395833302  3.524240000e+02
  1988.416666698  3.522760000e+02
  1988.437500000  3.520730000e+02
  1988.458333302  3.518040000e+02
  1988.479166698  3.514820000e+02
  1988.500000000  3.511080000e+02
  1988.520833302  3.506960000e+02
  1988.541666698  3.502690000e+02
  1988.562500000  3.498600000e+02
  1988.583333302  3.494960000e+02
  1988.604166698  3.492140000e+02
  1988.625000000  3.490290000e+02
  1988.645833302  3.489280000e+02
  1988.666666698  3.489330000e+02
  1988.687500000  3.490320000e+02
  1988.708333302  3.492210000e+02
  1988.729166698  3.494790000e+02
  1988.750000000  3.497800000e+02
  1988.770833302  3.501060000e+02
  1988.791666698  3.504320000e+02
  1988.812500000  3.507610000e+02
  1988.833333302  3.511120000e+02
  1988.854166698  3.513770000e+02
  1988.875000000  3.516220000e+02
  1988.895833302  3.518540000e+02
  1988.916666698  3.520760000e+02
  1988.937500000  3.522930000e+02
  1988.958333302  3.524990000e+02
  1988.979166698  3.526400000e+02
  1989.000000000  3.527520000e+02
  1989.020833302  3.528870000e+02
  1989.041666698  3.529660000e+02
  1989.062500000  3.531380000e+02
  1989.083333302  3.532360000e+02
  1989.104166698  3.532990000e+02
  1989.125000000  3.534690000e+02
  1989.145833302  3.535840000e+02
  1989.166666698  3.537160000e+02
  1989.187500000  3.538640000e+02
  1989.208333302  3.540150000e+02
  1989.229166698  3.541500000e+02
  1989.250000000  3.542630000e+02
  1989.270833302  3.543500000e+02
  1989.291666698  3.544020000e+02
  1989.312500000  3.544270000e+02
  1989.333333302  3.543960000e+02
  1989.354166698  3.543240000e+02
  1989.375000000  3.542110000e+02
  1989.395833302  3.540770000e+02
  1989.416666698  3.538740000e+02
  1989.437500000  3.536160000e+02
  1989.458333302  3.533020000e+02
  1989.479166698  3.529310000e+02
  1989.500000000  3.525090000e+02
  1989.520833302  3.520530000e+02
  1989.541666698  3.515420000e+02
  1989.562500000  3.510690000e+02
  1989.583333302  3.506520000e+02
  1989.604166698  3.503260000e+02
  1989.625000000  3.501140000e+02
  1989.645833302  3.500320000e+02
  1989.666666698  3.500820000e+02
  1989.687500000  3.502530000e+02
  1989.708333302  3.505120000e+02
  1989.729166698  3.508340000e+02
  1989.750000000  3.511860000e+02
  1989.770833302  3.515110000e+02
  1989.791666698  3.518590000e+02
  1989.812500000  3.521860000e+02
  1989.833333302  3.525060000e+02
  1989.854166698  3.527870000e+02
  1989.875000000  3.530480000e+02
  1989.895833302  3.532920000e+02
  1989.916666698  3.535180000e+02
  1989.937500000  3.537240000e+02
  1989.958333302  3.539230000e+02
  1989.979166698  3.540960000e+02
  1990.000000000  3.542270000e+02
  1990.020833302  3.543540000e+02
  1990.041666698  3.544670000e+02
  1990.062500000  3.545730000e+02
  1990.083333302  3.546750000e+02
  1990.104166698  3.547780000e+02
  1990.125000000  3.548820000e+02
  1990.145833302  3.549670000e+02
  1990.166666698  3.550440000e+02
  1990.187500000  3.551180000e+02
  1990.208333302  3.551910000e+02
  1990.229166698  3.552680000e+02
  1990.250000000  3.553520000e+02
  1990.270833302  3.554370000e+02
  1990.291666698  3.555210000e+02
  1990.312500000  3.555710000e+02
  1990.333333302  3.555900000e+02
  1990.354166698  3.555560000e+02
  1990.375000000  3.554540000e+02
  1990.395833302  3.552770000e+02
  1990.416666698  3.550220000e+02
  1990.437500000  3.547180000e+02
  1990.458333302  3.543560000e+02
  1990.479166698  3.539540000e+02
  1990.500000000  3.535300000e+02
  1990.520833302  3.531010000e+02
  1990.541666698  3.526860000e+02
  1990.562500000  3.523030000e+02
  1990.583333302  3.519700000e+02
  1990.604166698  3.517040000e+02
  1990.625000000  3.515160000e+02
  1990.645833302  3.514210000e+02
  1990.666666698  3.514220000e+02
  1990.687500000  3.515260000e+02
  1990.708333302  3.517310000e+02
  1990.729166698  3.520240000e+02
  1990.750000000  3.524100000e+02
  1990.770833302  3.528080000e+02
  1990.791666698  3.531800000e+02
  1990.812500000  3.535830000e+02
  1990.833333302  3.539310000e+02
  1990.854166698  3.541900000e+02
  1990.875000000  3.544520000e+02
  1990.895833302  3.546740000e+02
  1990.916666698  3.548630000e+02
  1990.937500000  3.550280000e+02
  1990.958333302  3.551790000e+02
  1990.979166698  3.553220000e+02
  1991.000000000  3.554980000e+02
  1991.020833302  3.556440000e+02
  1991.041666698  3.557610000e+02
  1991.062500000  3.558790000e+02
  1991.083333302  3.559850000e+02
  1991.104166698  3.560850000e+02
  1991.125000000  3.561830000e+02
  1991.145833302  3.562850000e+02
  1991.166666698  3.563960000e+02
  1991.187500000  3.565180000e+02
  1991.208333302  3.566500000e+02
  1991.229166698  3.568630000e+02
  1991.250000000  3.570050000e+02
  1991.270833302  3.571280000e+02
  1991.291666698  3.572200000e+02
  1991.312500000  3.572730000e+02
  1991.333333302  3.572800000e+02
  1991.354166698  3.572380000e+02
  1991.375000000  3.571460000e+02
  1991.395833302  3.570020000e+02
  1991.416666698  3.568020000e+02
  1991.437500000  3.565440000e+02
  1991.458333302  3.561960000e+02
  1991.479166698  3.558410000e+02
  1991.500000000  3.554350000e+02
  1991.520833302  3.549920000e+02
  1991.541666698  3.545300000e+02
  1991.562500000  3.540690000e+02
  1991.583333302  3.536390000e+02
  1991.604166698  3.532690000e+02
  1991.625000000  3.529800000e+02
  1991.645833302  3.527920000e+02
  1991.666666698  3.527150000e+02
  1991.687500000  3.527550000e+02
  1991.708333302  3.528970000e+02
  1991.729166698  3.530360000e+02
  1991.750000000  3.533290000e+02
  1991.770833302  3.536660000e+02
  1991.791666698  3.540150000e+02
  1991.812500000  3.543430000e+02
  1991.833333302  3.546600000e+02
  1991.854166698  3.549380000e+02
  1991.875000000  3.551730000e+02
  1991.895833302  3.553700000e+02
  1991.916666698  3.556410000e+02
  1991.937500000  3.557970000e+02
  1991.958333302  3.559450000e+02
  1991.979166698  3.560940000e+02
  1992.000000000  3.562770000e+02
  1992.020833302  3.564080000e+02
  1992.041666698  3.565300000e+02
  1992.062500000  3.566510000e+02
  1992.083333302  3.567320000e+02
  1992.104166698  3.568070000e+02
  1992.125000000  3.568820000e+02
  1992.145833302  3.569590000e+02
  1992.166666698  3.570440000e+02
  1992.187500000  3.571410000e+02
  1992.208333302  3.572480000e+02
  1992.229166698  3.573690000e+02
  1992.250000000  3.575010000e+02
  1992.270833302  3.576380000e+02
  1992.291666698  3.577660000e+02
  1992.312500000  3.578700000e+02
  1992.333333302  3.579350000e+02
  1992.354166698  3.579430000e+02
  1992.375000000  3.578810000e+02
  1992.395833302  3.577420000e+02
  1992.416666698  3.575300000e+02
  1992.437500000  3.572490000e+02
  1992.458333302  3.569080000e+02
  1992.479166698  3.565200000e+02
  1992.500000000  3.560960000e+02
  1992.520833302  3.556480000e+02
  1992.541666698  3.551880000e+02
  1992.562500000  3.547320000e+02
  1992.583333302  3.543010000e+02
  1992.604166698  3.539170000e+02
  1992.625000000  3.536080000e+02
  1992.645833302  3.534020000e+02
  1992.666666698  3.533140000e+02
  1992.687500000  3.533520000e+02
  1992.708333302  3.535090000e+02
  1992.729166698  3.537680000e+02
  1992.750000000  3.540960000e+02
  1992.770833302  3.544450000e+02
  1992.791666698  3.548140000e+02
  1992.812500000  3.551640000e+02
  1992.833333302  3.554790000e+02
  1992.854166698  3.557560000e+02
  1992.875000000  3.560100000e+02
  1992.895833302  3.562240000e+02
  1992.916666698  3.564160000e+02
  1992.937500000  3.565920000e+02
  1992.958333302  3.567530000e+02
  1992.979166698  3.568980000e+02
  1993.000000000  3.570060000e+02
  1993.020833302  3.571220000e+02
  1993.041666698  3.572240000e+02
  1993.062500000  3.572910000e+02
  1993.083333302  3.573770000e+02
  1993.104166698  3.574600000e+02
  1993.125000000  3.575440000e+02
  1993.145833302  3.576320000e+02
  1993.166666698  3.577290000e+02
  1993.187500000  3.578370000e+02
  1993.208333302  3.579560000e+02
  1993.229166698  3.580840000e+02
  1993.250000000  3.582160000e+02
  1993.270833302  3.583430000e+02
  1993.291666698  3.584520000e+02
  1993.312500000  3.585310000e+02
  1993.333333302  3.585590000e+02
  1993.354166698  3.585300000e+02
  1993.375000000  3.584330000e+02
  1993.395833302  3.582640000e+02
  1993.416666698  3.580260000e+02
  1993.437500000  3.577250000e+02
  1993.458333302  3.573730000e+02
  1993.479166698  3.569820000e+02
  1993.500000000  3.565660000e+02
  1993.520833302  3.561200000e+02
  1993.541666698  3.557000000e+02
  1993.562500000  3.552980000e+02
  1993.583333302  3.549310000e+02
  1993.604166698  3.546220000e+02
  1993.625000000  3.543810000e+02
  1993.645833302  3.541970000e+02
  1993.666666698  3.541610000e+02
  1993.687500000  3.542320000e+02
  1993.708333302  3.544050000e+02
  1993.729166698  3.546620000e+02
  1993.750000000  3.549830000e+02
  1993.770833302  3.553400000e+02
  1993.791666698  3.557080000e+02
  1993.812500000  3.560760000e+02
  1993.833333302  3.564060000e+02
  1993.854166698  3.567070000e+02
  1993.875000000  3.569620000e+02
  1993.895833302  3.572210000e+02
  1993.916666698  3.574490000e+02
  1993.937500000  3.576630000e+02
  1993.958333302  3.578760000e+02
  1993.979166698  3.580710000e+02
  1994.000000000  3.581710000e+02
  1994.020833302  3.583400000e+02
  1994.041666698  3.584690000e+02
  1994.062500000  3.586140000e+02
  1994.083333302  3.587820000e+02
  1994.104166698  3.589020000e+02
  1994.125000000  3.590120000e+02
  1994.145833302  3.591170000e+02
  1994.166666698  3.592110000e+02
  1994.187500000  3.592720000e+02
  1994.208333302  3.593550000e+02
  1994.229166698  3.594420000e+02
  1994.250000000  3.595330000e+02
  1994.270833302  3.596290000e+02
  1994.291666698  3.597230000e+02
  1994.312500000  3.598010000e+02
  1994.333333302  3.598520000e+02
  1994.354166698  3.598570000e+02
  1994.375000000  3.597980000e+02
  1994.395833302  3.596650000e+02
  1994.416666698  3.594570000e+02
  1994.437500000  3.591800000e+02
  1994.458333302  3.588450000e+02
  1994.479166698  3.584660000e+02
  1994.500000000  3.580600000e+02
  1994.520833302  3.576430000e+02
  1994.541666698  3.572810000e+02
  1994.562500000  3.568860000e+02
  1994.583333302  3.565250000e+02
  1994.604166698  3.562090000e+02
  1994.625000000  3.559430000e+02
  1994.645833302  3.559100000e+02
  1994.666666698  3.558040000e+02
  1994.687500000  3.558210000e+02
  1994.708333302  3.559420000e+02
  1994.729166698  3.561670000e+02
  1994.750000000  3.564780000e+02
  1994.770833302  3.568530000e+02
  1994.791666698  3.572690000e+02
  1994.812500000  3.576730000e+02
  1994.833333302  3.580300000e+02
  1994.854166698  3.584400000e+02
  1994.875000000  3.587280000e+02
  1994.895833302  3.589740000e+02
  1994.916666698  3.591880000e+02
  1994.937500000  3.593790000e+02
  1994.958333302  3.595550000e+02
  1994.979166698  3.597050000e+02
  1995.000000000  3.599390000e+02
  1995.020833302  3.599810000e+02
  1995.041666698  3.601020000e+02
  1995.062500000  3.602640000e+02
  1995.083333302  3.603850000e+02
  1995.104166698  3.605010000e+02
  1995.125000000  3.606110000e+02
  1995.145833302  3.607170000e+02
  1995.166666698  3.608190000e+02
  1995.187500000  3.609190000e+02
  1995.208333302  3.610960000e+02
  1995.229166698  3.612140000e+02
  1995.250000000  3.613300000e+02
  1995.270833302  3.614820000e+02
  1995.291666698  3.615860000e+02
  1995.312500000  3.616420000e+02
  1995.333333302  3.616530000e+02
  1995.354166698  3.616200000e+02
  1995.375000000  3.614860000e+02
  1995.395833302  3.613600000e+02
  1995.416666698  3.611820000e+02
  1995.437500000  3.609470000e+02
  1995.458333302  3.606590000e+02
  1995.479166698  3.603050000e+02
  1995.500000000  3.599010000e+02
  1995.520833302  3.594390000e+02
  1995.541666698  3.589780000e+02
  1995.562500000  3.585340000e+02
  1995.583333302  3.581440000e+02
  1995.604166698  3.578360000e+02
  1995.625000000  3.576380000e+02
  1995.645833302  3.575580000e+02
  1995.666666698  3.576010000e+02
  1995.687500000  3.577540000e+02
  1995.708333302  3.580060000e+02
  1995.729166698  3.583180000e+02
  1995.750000000  3.586740000e+02
  1995.770833302  3.590510000e+02
  1995.791666698  3.594300000e+02
  1995.812500000  3.598030000e+02
  1995.833333302  3.601590000e+02
  1995.854166698  3.604910000e+02
  1995.875000000  3.607920000e+02
  1995.895833302  3.610630000e+02
  1995.916666698  3.612990000e+02
  1995.937500000  3.615010000e+02
  1995.958333302  3.616750000e+02
  1995.979166698  3.618240000e+02
  1996.000000000  3.619120000e+02
  1996.020833302  3.620330000e+02
  1996.041666698  3.621550000e+02
  1996.062500000  3.622590000e+02
  1996.083333302  3.623460000e+02
  1996.104166698  3.624140000e+02
  1996.125000000  3.624980000e+02
  1996.145833302  3.625810000e+02
  1996.166666698  3.626620000e+02
  1996.187500000  3.627430000e+02
  1996.208333302  3.628190000e+02
  1996.229166698  3.629010000e+02
  1996.250000000  3.629750000e+02
  1996.270833302  3.630860000e+02
  1996.291666698  3.631510000e+02
  1996.312500000  3.632100000e+02
  1996.333333302  3.632630000e+02
  1996.354166698  3.633090000e+02
  1996.375000000  3.633220000e+02
  1996.395833302  3.632800000e+02
  1996.416666698  3.632210000e+02
  1996.437500000  3.631070000e+02
  1996.458333302  3.629280000e+02
  1996.479166698  3.626980000e+02
  1996.500000000  3.623850000e+02
  1996.520833302  3.619940000e+02
  1996.541666698  3.615830000e+02
  1996.562500000  3.611570000e+02
  1996.583333302  3.607350000e+02
  1996.604166698  3.603430000e+02
  1996.625000000  3.600060000e+02
  1996.645833302  3.597510000e+02
  1996.666666698  3.595890000e+02
  1996.687500000  3.595510000e+02
  1996.708333302  3.596280000e+02
  1996.729166698  3.598090000e+02
  1996.750000000  3.600640000e+02
  1996.770833302  3.603780000e+02
  1996.791666698  3.606530000e+02
  1996.812500000  3.609750000e+02
  1996.833333302  3.612640000e+02
  1996.854166698  3.615440000e+02
  1996.875000000  3.617970000e+02
  1996.895833302  3.620270000e+02
  1996.916666698  3.622430000e+02
  1996.937500000  3.624480000e+02
  1996.958333302  3.626370000e+02
  1996.979166698  3.628250000e+02
  1997.000000000  3.630060000e+02
  1997.020833302  3.631580000e+02
  1997.041666698  3.632810000e+02
  1997.062500000  3.634150000e+02
  1997.083333302  3.635000000e+02
  1997.104166698  3.635710000e+02
  1997.125000000  3.636430000e+02
  1997.145833302  3.637230000e+02
  1997.166666698  3.638140000e+02
  1997.187500000  3.639200000e+02
  1997.208333302  3.640060000e+02
  1997.229166698  3.641460000e+02
  1997.250000000  3.642890000e+02
  1997.270833302  3.644120000e+02
  1997.291666698  3.645360000e+02
  1997.312500000  3.646100000e+02
  1997.333333302  3.646400000e+02
  1997.354166698  3.646220000e+02
  1997.375000000  3.645650000e+02
  1997.395833302  3.644280000e+02
  1997.416666698  3.641920000e+02
  1997.437500000  3.639420000e+02
  1997.458333302  3.636430000e+02
  1997.479166698  3.632750000e+02
  1997.500000000  3.628560000e+02
  1997.520833302  3.624140000e+02
  1997.541666698  3.619170000e+02
  1997.562500000  3.614480000e+02
  1997.583333302  3.610070000e+02
  1997.604166698  3.606230000e+02
  1997.625000000  3.603250000e+02
  1997.645833302  3.601370000e+02
  1997.666666698  3.600720000e+02
  1997.687500000  3.601390000e+02
  1997.708333302  3.603290000e+02
  1997.729166698  3.606280000e+02
  1997.750000000  3.610100000e+02
  1997.770833302  3.614470000e+02
  1997.791666698  3.619580000e+02
  1997.812500000  3.624130000e+02
  1997.833333302  3.628780000e+02
  1997.854166698  3.632840000e+02
  1997.875000000  3.636370000e+02
  1997.895833302  3.639560000e+02
  1997.916666698  3.642400000e+02
  1997.937500000  3.644910000e+02
  1997.958333302  3.647040000e+02
  1997.979166698  3.648900000e+02
  1998.000000000  3.650490000e+02
  1998.020833302  3.651170000e+02
  1998.041666698  3.651960000e+02
  1998.062500000  3.652570000e+02
  1998.083333302  3.653130000e+02
  1998.104166698  3.653740000e+02
  1998.125000000  3.654500000e+02
  1998.145833302  3.655450000e+02
  1998.166666698  3.656590000e+02
  1998.187500000  3.657890000e+02
  1998.208333302  3.659300000e+02
  1998.229166698  3.660770000e+02
  1998.250000000  3.662240000e+02
  1998.270833302  3.664050000e+02
  1998.291666698  3.666470000e+02
  1998.312500000  3.667460000e+02
  1998.333333302  3.668340000e+02
  1998.354166698  3.668920000e+02
  1998.375000000  3.668920000e+02
  1998.395833302  3.668570000e+02
  1998.416666698  3.667610000e+02
  1998.437500000  3.665810000e+02
  1998.458333302  3.663200000e+02
  1998.479166698  3.659840000e+02
  1998.500000000  3.655920000e+02
  1998.520833302  3.651670000e+02
  1998.541666698  3.648010000e+02
  1998.562500000  3.645000000e+02
  1998.583333302  3.641610000e+02
  1998.604166698  3.638890000e+02
  1998.625000000  3.637230000e+02
  1998.645833302  3.636460000e+02
  1998.666666698  3.636750000e+02
  1998.687500000  3.637700000e+02
  1998.708333302  3.639780000e+02
  1998.729166698  3.642610000e+02
  1998.750000000  3.645980000e+02
  1998.770833302  3.649690000e+02
  1998.791666698  3.653500000e+02
  1998.812500000  3.657200000e+02
  1998.833333302  3.660610000e+02
  1998.854166698  3.663620000e+02
  1998.875000000  3.666300000e+02
  1998.895833302  3.668520000e+02
  1998.916666698  3.670710000e+02
  1998.937500000  3.672780000e+02
  1998.958333302  3.674790000e+02
  1998.979166698  3.676720000e+02
  1999.000000000  3.678180000e+02
  1999.020833302  3.679870000e+02
  1999.041666698  3.681370000e+02
  1999.062500000  3.682630000e+02
  1999.083333302  3.683680000e+02
  1999.104166698  3.684490000e+02
  1999.125000000  3.685200000e+02
  1999.145833302  3.685960000e+02
  1999.166666698  3.686850000e+02
  1999.187500000  3.687910000e+02
  1999.208333302  3.689110000e+02
  1999.229166698  3.690370000e+02
  1999.250000000  3.691560000e+02
  1999.270833302  3.692560000e+02
  1999.291666698  3.693260000e+02
  1999.312500000  3.693630000e+02
  1999.333333302  3.693620000e+02
  1999.354166698  3.693190000e+02
  1999.375000000  3.692400000e+02
  1999.395833302  3.691230000e+02
  1999.416666698  3.689480000e+02
  1999.437500000  3.687130000e+02
  1999.458333302  3.684120000e+02
  1999.479166698  3.680450000e+02
  1999.500000000  3.676150000e+02
  1999.520833302  3.671480000e+02
  1999.541666698  3.666710000e+02
  1999.562500000  3.662200000e+02
  1999.583333302  3.658130000e+02
  1999.604166698  3.654820000e+02
  1999.625000000  3.652440000e+02
  1999.645833302  3.651140000e+02
  1999.666666698  3.650950000e+02
  1999.687500000  3.651880000e+02
  1999.708333302  3.653800000e+02
  1999.729166698  3.656560000e+02
  1999.750000000  3.659930000e+02
  1999.770833302  3.663700000e+02
  1999.791666698  3.667580000e+02
  1999.812500000  3.671350000e+02
  1999.833333302  3.674880000e+02
  1999.854166698  3.678070000e+02
  1999.875000000  3.680900000e+02
  1999.895833302  3.682980000e+02
  1999.916666698  3.685180000e+02
  1999.937500000  3.687210000e+02
  1999.958333302  3.688840000e+02
  1999.979166698  3.690710000e+02
  2000.000000000  3.691730000e+02
  2000.020833302  3.693030000e+02
  2000.041666698  3.694050000e+02
  2000.062500000  3.694840000e+02
  2000.083333302  3.695430000e+02
  2000.104166698  3.695940000e+02
  2000.125000000  3.696480000e+02
  2000.145833302  3.696950000e+02
  2000.166666698  3.697850000e+02
  2000.187500000  3.698700000e+02
  2000.208333302  3.699720000e+02
  2000.229166698  3.700750000e+02
  2000.250000000  3.701890000e+02
  2000.270833302  3.702930000e+02
  2000.291666698  3.703760000e+02
  2000.312500000  3.704290000e+02
  2000.333333302  3.704400000e+02
  2000.354166698  3.704030000e+02
  2000.375000000  3.702810000e+02
  2000.395833302  3.701220000e+02
  2000.416666698  3.699140000e+02
  2000.437500000  3.696500000e+02
  2000.458333302  3.693420000e+02
  2000.479166698  3.689870000e+02
  2000.500000000  3.686300000e+02
  2000.520833302  3.682600000e+02
  2000.541666698  3.679000000e+02
  2000.562500000  3.675400000e+02
  2000.583333302  3.672130000e+02
  2000.604166698  3.669240000e+02
  2000.625000000  3.666920000e+02
  2000.645833302  3.665360000e+02
  2000.666666698  3.664670000e+02
  2000.687500000  3.664980000e+02
  2000.708333302  3.666310000e+02
  2000.729166698  3.668570000e+02
  2000.750000000  3.671620000e+02
  2000.770833302  3.675210000e+02
  2000.791666698  3.679070000e+02
  2000.812500000  3.682970000e+02
  2000.833333302  3.686740000e+02
  2000.854166698  3.690120000e+02
  2000.875000000  3.693090000e+02
  2000.895833302  3.695640000e+02
  2000.916666698  3.697770000e+02
  2000.937500000  3.699560000e+02
  2000.958333302  3.701060000e+02
  2000.979166698  3.702380000e+02
  2001.000000000  3.704380000e+02
  2001.020833302  3.705560000e+02
  2001.041666698  3.706780000e+02
  2001.062500000  3.708020000e+02
  2001.083333302  3.709300000e+02
  2001.104166698  3.710600000e+02
  2001.125000000  3.711860000e+02
  2001.145833302  3.712890000e+02
  2001.166666698  3.713980000e+02
  2001.187500000  3.714980000e+02
  2001.208333302  3.715930000e+02
  2001.229166698  3.716850000e+02
  2001.250000000  3.717740000e+02
  2001.270833302  3.718560000e+02
  2001.291666698  3.719220000e+02
  2001.312500000  3.719620000e+02
  2001.333333302  3.719630000e+02
  2001.354166698  3.719140000e+02
  2001.375000000  3.718750000e+02
  2001.395833302  3.716970000e+02
  2001.416666698  3.714650000e+02
  2001.437500000  3.711860000e+02
  2001.458333302  3.708690000e+02
  2001.479166698  3.705280000e+02
  2001.500000000  3.701710000e+02
  2001.520833302  3.698080000e+02
  2001.541666698  3.694460000e+02
  2001.562500000  3.690970000e+02
  2001.583333302  3.687730000e+02
  2001.604166698  3.684890000e+02
  2001.625000000  3.682640000e+02
  2001.645833302  3.681150000e+02
  2001.666666698  3.680610000e+02
  2001.687500000  3.681120000e+02
  2001.708333302  3.682770000e+02
  2001.729166698  3.685680000e+02
  2001.750000000  3.689270000e+02
  2001.770833302  3.693260000e+02
  2001.791666698  3.697240000e+02
  2001.812500000  3.701090000e+02
  2001.833333302  3.704640000e+02
  2001.854166698  3.707830000e+02
  2001.875000000  3.710660000e+02
  2001.895833302  3.713210000e+02
  2001.916666698  3.715550000e+02
  2001.937500000  3.717740000e+02
  2001.958333302  3.719770000e+02
  2001.979166698  3.721940000e+02
  2002.000000000  3.722620000e+02
  2002.020833302  3.724040000e+02
  2002.041666698  3.725240000e+02
  2002.062500000  3.726230000e+02
  2002.083333302  3.727120000e+02
  2002.104166698  3.728020000e+02
  2002.125000000  3.728990000e+02
  2002.145833302  3.730070000e+02
  2002.166666698  3.731220000e+02
  2002.187500000  3.732390000e+02
  2002.208333302  3.734050000e+02
  2002.229166698  3.735030000e+02
  2002.250000000  3.736010000e+02
  2002.270833302  3.736960000e+02
  2002.291666698  3.737400000e+02
  2002.312500000  3.737400000e+02
  2002.333333302  3.738380000e+02
  2002.354166698  3.738180000e+02
  2002.375000000  3.737480000e+02
  2002.395833302  3.736190000e+02
  2002.416666698  3.734270000e+02
  2002.437500000  3.731730000e+02
  2002.458333302  3.728650000e+02
  2002.479166698  3.725200000e+02
  2002.500000000  3.721560000e+02
  2002.520833302  3.718000000e+02
  2002.541666698  3.713860000e+02
  2002.562500000  3.710280000e+02
  2002.583333302  3.707140000e+02
  2002.604166698  3.704630000e+02
  2002.625000000  3.702910000e+02
  2002.645833302  3.702260000e+02
  2002.666666698  3.702620000e+02
  2002.687500000  3.703990000e+02
  2002.708333302  3.706760000e+02
  2002.729166698  3.709320000e+02
  2002.750000000  3.712530000e+02
  2002.770833302  3.715990000e+02
  2002.791666698  3.719540000e+02
  2002.812500000  3.723260000e+02
  2002.833333302  3.726740000e+02
  2002.854166698  3.730030000e+02
  2002.875000000  3.733100000e+02
  2002.895833302  3.735900000e+02
  2002.916666698  3.738410000e+02
  2002.937500000  3.740730000e+02
  2002.958333302  3.742780000e+02
  2002.979166698  3.744630000e+02
  2003.000000000  3.746340000e+02
  2003.020833302  3.747970000e+02
  2003.041666698  3.749490000e+02
  2003.062500000  3.750930000e+02
  2003.083333302  3.752290000e+02
  2003.104166698  3.753580000e+02
  2003.125000000  3.754790000e+02
  2003.145833302  3.755920000e+02
  2003.166666698  3.757000000e+02
  2003.187500000  3.758060000e+02
  2003.208333302  3.759160000e+02
  2003.229166698  3.760330000e+02
  2003.250000000  3.761590000e+02
  2003.270833302  3.762900000e+02
  2003.291666698  3.764170000e+02
  2003.312500000  3.765280000e+02
  2003.333333302  3.766050000e+02
  2003.354166698  3.766320000e+02
  2003.375000000  3.765980000e+02
  2003.395833302  3.764950000e+02
  2003.416666698  3.763160000e+02
  2003.437500000  3.760670000e+02
  2003.458333302  3.757570000e+02
  2003.479166698  3.753960000e+02
  2003.500000000  3.749990000e+02
  2003.520833302  3.745820000e+02
  2003.541666698  3.741580000e+02
  2003.562500000  3.737480000e+02
  2003.583333302  3.733790000e+02
  2003.604166698  3.730770000e+02
  2003.625000000  3.728610000e+02
  2003.645833302  3.727450000e+02
  2003.666666698  3.727410000e+02
  2003.687500000  3.728490000e+02
  2003.708333302  3.730540000e+02
  2003.729166698  3.733330000e+02
  2003.750000000  3.736580000e+02
  2003.770833302  3.740190000e+02
  2003.791666698  3.743910000e+02
  2003.812500000  3.747570000e+02
  2003.833333302  3.751030000e+02
  2003.854166698  3.754180000e+02
  2003.875000000  3.756990000e+02
  2003.895833302  3.759450000e+02
  2003.916666698  3.761610000e+02
  2003.937500000  3.763530000e+02
  2003.958333302  3.765290000e+02
  2003.979166698  3.766960000e+02
  2004.000000000  3.769290000e+02
  2004.020833302  3.770720000e+02
  2004.041666698  3.772110000e+02
  2004.062500000  3.773480000e+02
  2004.083333302  3.774820000e+02
  2004.104166698  3.776100000e+02
  2004.125000000  3.777340000e+02
  2004.145833302  3.778510000e+02
  2004.166666698  3.779600000e+02
  2004.187500000  3.780640000e+02
  2004.208333302  3.781620000e+02
  2004.229166698  3.782540000e+02
  2004.250000000  3.783360000e+02
  2004.270833302  3.784340000e+02
  2004.291666698  3.784940000e+02
  2004.312500000  3.785330000e+02
  2004.333333302  3.785440000e+02
  2004.354166698  3.785170000e+02
  2004.375000000  3.784380000e+02
  2004.395833302  3.783050000e+02
  2004.416666698  3.781120000e+02
  2004.437500000  3.778580000e+02
  2004.458333302  3.775250000e+02
  2004.479166698  3.771910000e+02
  2004.500000000  3.768140000e+02
  2004.520833302  3.763980000e+02
  2004.541666698  3.759590000e+02
  2004.562500000  3.755170000e+02
  2004.583333302  3.750950000e+02
  2004.604166698  3.747180000e+02
  2004.625000000  3.744150000e+02
  2004.645833302  3.742130000e+02
  2004.666666698  3.741240000e+02
  2004.687500000  3.741570000e+02
  2004.708333302  3.743090000e+02
  2004.729166698  3.745680000e+02
  2004.750000000  3.749100000e+02
  2004.770833302  3.753040000e+02
  2004.791666698  3.757240000e+02
  2004.812500000  3.761440000e+02
  2004.833333302  3.765480000e+02
  2004.854166698  3.769110000e+02
  2004.875000000  3.772320000e+02
  2004.895833302  3.775080000e+02
  2004.916666698  3.777470000e+02
  2004.937500000  3.780200000e+02
  2004.958333302  3.781950000e+02
  2004.979166698  3.783500000e+02
  2005.000000000  3.784650000e+02
  2005.020833302  3.785970000e+02
  2005.041666698  3.787270000e+02
  2005.062500000  3.788580000e+02
  2005.083333302  3.789920000e+02
  2005.104166698  3.791130000e+02
  2005.125000000  3.792610000e+02
  2005.145833302  3.794160000e+02
  2005.166666698  3.795730000e+02
  2005.187500000  3.797270000e+02
  2005.208333302  3.798750000e+02
  2005.229166698  3.800120000e+02
  2005.250000000  3.801350000e+02
  2005.270833302  3.802460000e+02
  2005.291666698  3.803360000e+02
  2005.312500000  3.804110000e+02
  2005.333333302  3.804630000e+02
  2005.354166698  3.805020000e+02
  2005.375000000  3.804690000e+02
  2005.395833302  3.803810000e+02
  2005.416666698  3.802210000e+02
  2005.437500000  3.799790000e+02
  2005.458333302  3.796570000e+02
  2005.479166698  3.792630000e+02
  2005.500000000  3.788130000e+02
  2005.520833302  3.783330000e+02
  2005.541666698  3.778540000e+02
  2005.562500000  3.775730000e+02
  2005.583333302  3.772090000e+02
  2005.604166698  3.768900000e+02
  2005.625000000  3.766600000e+02
  2005.645833302  3.765180000e+02
  2005.666666698  3.764760000e+02
  2005.687500000  3.765370000e+02
  2005.708333302  3.766960000e+02
  2005.729166698  3.769450000e+02
  2005.750000000  3.772700000e+02
  2005.770833302  3.776520000e+02
  2005.791666698  3.780640000e+02
  2005.812500000  3.784840000e+02
  2005.833333302  3.788890000e+02
  2005.854166698  3.792640000e+02
  2005.875000000  3.795440000e+02
  2005.895833302  3.798260000e+02
  2005.916666698  3.800780000e+02
  2005.937500000  3.803100000e+02
  2005.958333302  3.805310000e+02
  2005.979166698  3.807480000e+02
  2006.000000000  3.809560000e+02
  2006.020833302  3.811500000e+02
  2006.041666698  3.813410000e+02
  2006.062500000  3.815170000e+02
  2006.083333302  3.816730000e+02
  2006.104166698  3.818400000e+02
  2006.125000000  3.819680000e+02
  2006.145833302  3.820820000e+02
  2006.166666698  3.821720000e+02
  2006.187500000  3.822540000e+02
  2006.208333302  3.823360000e+02
  2006.229166698  3.824230000e+02
  2006.250000000  3.825140000e+02
  2006.270833302  3.826060000e+02
  2006.291666698  3.826900000e+02
  2006.312500000  3.827530000e+02
  2006.333333302  3.827830000e+02
  2006.354166698  3.827700000e+02
  2006.375000000  3.827010000e+02
  2006.395833302  3.825040000e+02
  2006.416666698  3.823310000e+02
  2006.437500000  3.820960000e+02
  2006.458333302  3.818090000e+02
  2006.479166698  3.814490000e+02
  2006.500000000  3.810360000e+02
  2006.520833302  3.805710000e+02
  2006.541666698  3.800710000e+02
  2006.562500000  3.795660000e+02
  2006.583333302  3.790920000e+02
  2006.604166698  3.786850000e+02
  2006.625000000  3.783840000e+02
  2006.645833302  3.782190000e+02
  2006.666666698  3.781970000e+02
  2006.687500000  3.783130000e+02
  2006.708333302  3.785650000e+02
  2006.729166698  3.788940000e+02
  2006.750000000  3.792780000e+02
  2006.770833302  3.796860000e+02
  2006.791666698  3.800920000e+02
  2006.812500000  3.804780000e+02
  2006.833333302  3.808390000e+02
  2006.854166698  3.811610000e+02
  2006.875000000  3.814540000e+02
  2006.895833302  3.817220000e+02
  2006.916666698  3.819680000e+02
  2006.937500000  3.821980000e+02
  2006.958333302  3.824120000e+02
  2006.979166698  3.826080000e+02
  2007.000000000  3.827310000e+02
  2007.020833302  3.828940000e+02
  2007.041666698  3.830410000e+02
  2007.062500000  3.831750000e+02
  2007.083333302  3.833010000e+02
  2007.104166698  3.834240000e+02
  2007.125000000  3.835480000e+02
  2007.145833302  3.836680000e+02
  2007.166666698  3.837940000e+02
  2007.187500000  3.839170000e+02
  2007.208333302  3.840310000e+02
  2007.229166698  3.841310000e+02
  2007.250000000  3.842110000e+02
  2007.270833302  3.842670000e+02
  2007.291666698  3.842980000e+02
  2007.312500000  3.843060000e+02
  2007.333333302  3.842870000e+02
  2007.354166698  3.842410000e+02
  2007.375000000  3.841550000e+02
  2007.395833302  3.840380000e+02
  2007.416666698  3.838650000e+02
  2007.437500000  3.836260000e+02
  2007.458333302  3.833150000e+02
  2007.479166698  3.829350000e+02
  2007.500000000  3.824950000e+02
  2007.520833302  3.820160000e+02
  2007.541666698  3.815330000e+02
  2007.562500000  3.810770000e+02
  2007.583333302  3.806850000e+02
  2007.604166698  3.803890000e+02
  2007.625000000  3.802040000e+02
  2007.645833302  3.801410000e+02
  2007.666666698  3.802000000e+02
  2007.687500000  3.803780000e+02
  2007.708333302  3.806360000e+02
  2007.729166698  3.809600000e+02
  2007.750000000  3.813290000e+02
  2007.770833302  3.817190000e+02
  2007.791666698  3.821110000e+02
  2007.812500000  3.824890000e+02
  2007.833333302  3.828440000e+02
  2007.854166698  3.831740000e+02
  2007.875000000  3.834700000e+02
  2007.895833302  3.837440000e+02
  2007.916666698  3.840090000e+02
  2007.937500000  3.842430000e+02
  2007.958333302  3.844760000e+02
  2007.979166698  3.846990000e+02
  2008.000000000  3.848610000e+02
  2008.020833302  3.850580000e+02
  2008.041666698  3.852370000e+02
  2008.062500000  3.854040000e+02
  2008.083333302  3.855410000e+02
  2008.104166698  3.856590000e+02
  2008.125000000  3.857500000e+02
  2008.145833302  3.858260000e+02
  2008.166666698  3.859260000e+02
  2008.187500000  3.860310000e+02
  2008.208333302  3.861500000e+02
  2008.229166698  3.862630000e+02
  2008.250000000  3.863720000e+02
  2008.270833302  3.864700000e+02
  2008.291666698  3.865490000e+02
  2008.312500000  3.866010000e+02
  2008.333333302  3.866420000e+02
  2008.354166698  3.866190000e+02
  2008.375000000  3.865160000e+02
  2008.395833302  3.863800000e+02
  2008.416666698  3.861700000e+02
  2008.437500000  3.859070000e+02
  2008.458333302  3.856010000e+02
  2008.479166698  3.852540000e+02
  2008.500000000  3.848730000e+02
  2008.520833302  3.844820000e+02
  2008.541666698  3.840900000e+02
  2008.562500000  3.837150000e+02
  2008.583333302  3.833130000e+02
  2008.604166698  3.829810000e+02
  2008.625000000  3.827170000e+02
  2008.645833302  3.825240000e+02
  2008.666666698  3.824130000e+02
  2008.687500000  3.823960000e+02
  2008.708333302  3.824770000e+02
  2008.729166698  3.826540000e+02
  2008.750000000  3.829230000e+02
  2008.770833302  3.832660000e+02
  2008.791666698  3.836510000e+02
  2008.812500000  3.840580000e+02
  2008.833333302  3.844640000e+02
  2008.854166698  3.848500000e+02
  2008.875000000  3.852050000e+02
  2008.895833302  3.855230000e+02
  2008.916666698  3.858050000e+02
  2008.937500000  3.860550000e+02
  2008.958333302  3.862840000e+02
  2008.979166698  3.864970000e+02
  2009.000000000  3.866950000e+02
  2009.020833302  3.868750000e+02
  2009.041666698  3.870390000e+02
  2009.062500000  3.871850000e+02
  2009.083333302  3.873110000e+02
  2009.104166698  3.874160000e+02
  2009.125000000  3.874930000e+02
  2009.145833302  3.875660000e+02
  2009.166666698  3.875920000e+02
  2009.187500000  3.876460000e+02
  2009.208333302  3.877070000e+02
  2009.229166698  3.877780000e+02
  2009.250000000  3.878550000e+02
  2009.270833302  3.879320000e+02
  2009.291666698  3.880010000e+02
  2009.312500000  3.880500000e+02
  2009.333333302  3.880660000e+02
  2009.354166698  3.880650000e+02
  2009.375000000  3.879940000e+02
  2009.395833302  3.878770000e+02
  2009.416666698  3.876680000e+02
  2009.437500000  3.873850000e+02
  2009.458333302  3.870310000e+02
  2009.479166698  3.865570000e+02
  2009.500000000  3.860390000e+02
  2009.520833302  3.855030000e+02
  2009.541666698  3.849800000e+02
  2009.562500000  3.844970000e+02
  2009.583333302  3.840830000e+02
  2009.604166698  3.837620000e+02
  2009.625000000  3.835490000e+02
  2009.645833302  3.834200000e+02
  2009.666666698  3.834500000e+02
  2009.687500000  3.836140000e+02
  2009.708333302  3.838690000e+02
  2009.729166698  3.842120000e+02
  2009.750000000  3.846210000e+02
  2009.770833302  3.850630000e+02
  2009.791666698  3.855090000e+02
  2009.812500000  3.859370000e+02
  2009.833333302  3.863280000e+02
  2009.854166698  3.866860000e+02
  2009.875000000  3.869770000e+02
  2009.895833302  3.872220000e+02
  2009.916666698  3.874430000e+02
  2009.937500000  3.876390000e+02
  2009.958333302  3.878330000e+02
  2009.979166698  3.880360000e+02
  2010.000000000  3.882290000e+02
  2010.020833302  3.883850000e+02
  2010.041666698  3.886140000e+02
  2010.062500000  3.888420000e+02
  2010.083333302  3.890430000e+02
  2010.104166698  3.892170000e+02
  2010.125000000  3.893550000e+02
  2010.145833302  3.894690000e+02
  2010.166666698  3.895540000e+02
  2010.187500000  3.896210000e+02
  2010.208333302  3.896800000e+02
  2010.229166698  3.897390000e+02
  2010.250000000  3.898130000e+02
  2010.270833302  3.899180000e+02
  2010.291666698  3.899950000e+02
  2010.312500000  3.900570000e+02
  2010.333333302  3.900850000e+02
  2010.354166698  3.900700000e+02
  2010.375000000  3.899990000e+02
  2010.395833302  3.898660000e+02
  2010.416666698  3.896640000e+02
  2010.437500000  3.893910000e+02
  2010.458333302  3.890520000e+02
  2010.479166698  3.886570000e+02
  2010.500000000  3.882330000e+02
  2010.520833302  3.877750000e+02
  2010.541666698  3.873250000e+02
  2010.562500000  3.869120000e+02
  2010.583333302  3.865620000e+02
  2010.604166698  3.863020000e+02
  2010.625000000  3.861470000e+02
  2010.645833302  3.861060000e+02
  2010.666666698  3.861850000e+02
  2010.687500000  3.863700000e+02
  2010.708333302  3.866510000e+02
  2010.729166698  3.870020000e+02
  2010.750000000  3.874010000e+02
  2010.770833302  3.878290000e+02
  2010.791666698  3.882560000e+02
  2010.812500000  3.886850000e+02
  2010.833333302  3.890560000e+02
  2010.854166698  3.893800000e+02
  2010.875000000  3.896560000e+02
  2010.895833302  3.898860000e+02
  2010.916666698  3.900470000e+02
  2010.937500000  3.902140000e+02
  2010.958333302  3.903700000e+02
  2010.979166698  3.905190000e+02
  2011.000000000  3.906610000e+02
  2011.020833302  3.907990000e+02
  2011.041666698  3.909310000e+02
  2011.062500000  3.910550000e+02
  2011.083333302  3.911770000e+02
  2011.104166698  3.913140000e+02
  2011.125000000  3.914060000e+02
  2011.145833302  3.913740000e+02
  2011.166666698  3.914680000e+02
  2011.187500000  3.915680000e+02
  2011.208333302  3.916690000e+02
  2011.229166698  3.917630000e+02
  2011.250000000  3.918630000e+02
  2011.270833302  3.919760000e+02
  2011.291666698  3.920630000e+02
  2011.312500000  3.921380000e+02
  2011.333333302  3.921700000e+02
  2011.354166698  3.921680000e+02
  2011.375000000  3.921190000e+02
  2011.395833302  3.920110000e+02
  2011.416666698  3.918340000e+02
  2011.437500000  3.915650000e+02
  2011.458333302  3.911890000e+02
  2011.479166698  3.907340000e+02
  2011.500000000  3.902220000e+02
  2011.520833302  3.896830000e+02
  2011.541666698  3.891540000e+02
  2011.562500000  3.886700000e+02
  2011.583333302  3.882640000e+02
  2011.604166698  3.879580000e+02
  2011.625000000  3.877740000e+02
  2011.645833302  3.876970000e+02
  2011.666666698  3.877520000e+02
  2011.687500000  3.879220000e+02
  2011.708333302  3.881920000e+02
  2011.729166698  3.885710000e+02
  2011.750000000  3.889840000e+02
  2011.770833302  3.894390000e+02
  2011.791666698  3.898460000e+02
  2011.812500000  3.902400000e+02
  2011.833333302  3.906070000e+02
  2011.854166698  3.909360000e+02
  2011.875000000  3.912050000e+02
  2011.895833302  3.915070000e+02
  2011.916666698  3.917310000e+02
  2011.937500000  3.918900000e+02
  2011.958333302  3.920460000e+02
  2011.979166698  3.921890000e+02
  2012.000000000  3.923310000e+02
  2012.020833302  3.924660000e+02
  2012.041666698  3.926030000e+02
  2012.062500000  3.927450000e+02
  2012.083333302  3.928970000e+02
  2012.104166698  3.930510000e+02
  2012.125000000  3.932040000e+02
  2012.145833302  3.933620000e+02
  2012.166666698  3.934990000e+02
  2012.187500000  3.936400000e+02
  2012.208333302  3.937410000e+02
  2012.229166698  3.938280000e+02
  2012.250000000  3.939010000e+02
  2012.270833302  3.939600000e+02
  2012.291666698  3.940040000e+02
  2012.312500000  3.940270000e+02
  2012.333333302  3.940700000e+02
  2012.354166698  3.939980000e+02
  2012.375000000  3.939220000e+02
  2012.395833302  3.937800000e+02
  2012.416666698  3.935640000e+02
  2012.437500000  3.932680000e+02
  2012.458333302  3.928950000e+02
  2012.479166698  3.924530000e+02
  2012.500000000  3.919620000e+02
  2012.520833302  3.914500000e+02
  2012.541666698  3.909170000e+02
  2012.562500000  3.905570000e+02
  2012.583333302  3.901840000e+02
  2012.604166698  3.899210000e+02
  2012.625000000  3.897880000e+02
  2012.645833302  3.897920000e+02
  2012.666666698  3.899160000e+02
  2012.687500000  3.901670000e+02
  2012.708333302  3.905130000e+02
  2012.729166698  3.909240000e+02
  2012.750000000  3.913100000e+02
  2012.770833302  3.917440000e+02
  2012.791666698  3.921700000e+02
  2012.812500000  3.925740000e+02
  2012.833333302  3.929840000e+02
  2012.854166698  3.933120000e+02
  2012.875000000  3.936030000e+02
  2012.895833302  3.938210000e+02
  2012.916666698  3.940520000e+02
  2012.937500000  3.942550000e+02
  2012.958333302  3.943700000e+02
  2012.979166698  3.945480000e+02
  2013.000000000  3.947250000e+02
  2013.020833302  3.949010000e+02
  2013.041666698  3.950730000e+02
  2013.062500000  3.952410000e+02
  2013.083333302  3.953990000e+02
  2013.104166698  3.955500000e+02
  2013.125000000  3.956990000e+02
  2013.145833302  3.958480000e+02
  2013.166666698  3.959970000e+02
  2013.187500000  3.961470000e+02
  2013.208333302  3.962950000e+02
  2013.229166698  3.964390000e+02
  2013.250000000  3.965740000e+02
  2013.270833302  3.966960000e+02
  2013.291666698  3.967410000e+02
  2013.312500000  3.968110000e+02
  2013.333333302  3.968500000e+02
  2013.354166698  3.968480000e+02
  2013.375000000  3.967960000e+02
  2013.395833302  3.966860000e+02
  2013.416666698  3.965150000e+02
  2013.437500000  3.962820000e+02
  2013.458333302  3.959910000e+02
  2013.479166698  3.956680000e+02
  2013.500000000  3.952940000e+02
  2013.520833302  3.948390000e+02
  2013.541666698  3.944560000e+02
  2013.562500000  3.940810000e+02
  2013.583333302  3.937320000e+02
  2013.604166698  3.934230000e+02
  2013.625000000  3.931760000e+02
  2013.645833302  3.930110000e+02
  2013.666666698  3.929440000e+02
  2013.687500000  3.929870000e+02
  2013.708333302  3.931410000e+02
  2013.729166698  3.933960000e+02
  2013.750000000  3.937030000e+02
  2013.770833302  3.940900000e+02
  2013.791666698  3.945070000e+02
  2013.812500000  3.949250000e+02
  2013.833333302  3.953220000e+02
  2013.854166698  3.956810000e+02
  2013.875000000  3.959980000e+02
  2013.895833302  3.962720000e+02
  2013.916666698  3.965060000e+02
  2013.937500000  3.967090000e+02
  2013.958333302  3.968860000e+02
  2013.979166698  3.970460000e+02
  2014.000000000  3.972190000e+02
  2014.020833302  3.973700000e+02
  2014.041666698  3.975120000e+02
  2014.062500000  3.976460000e+02
  2014.083333302  3.977680000e+02
  2014.104166698  3.978770000e+02
  2014.125000000  3.979710000e+02
  2014.145833302  3.980690000e+02
  2014.166666698  3.981360000e+02
  2014.187500000  3.981980000e+02
  2014.208333302  3.982640000e+02
  2014.229166698  3.983410000e+02
  2014.250000000  3.984320000e+02
  2014.270833302  3.985350000e+02
  2014.291666698  3.986410000e+02
  2014.312500000  3.987340000e+02
  2014.333333302  3.987950000e+02
  2014.354166698  3.988050000e+02
  2014.375000000  3.987480000e+02
  2014.395833302  3.986140000e+02
  2014.416666698  3.984000000e+02
  2014.437500000  3.981110000e+02
  2014.458333302  3.977600000e+02
  2014.479166698  3.973620000e+02
  2014.500000000  3.969400000e+02
  2014.520833302  3.965150000e+02
  2014.541666698  3.961070000e+02
  2014.562500000  3.957340000e+02
  2014.583333302  3.954100000e+02
  2014.604166698  3.951510000e+02
  2014.625000000  3.949630000e+02
  2014.645833302  3.948560000e+02
  2014.666666698  3.948340000e+02
  2014.687500000  3.949010000e+02
  2014.708333302  3.950550000e+02
  2014.729166698  3.952920000e+02
  2014.750000000  3.956040000e+02
  2014.770833302  3.959760000e+02
  2014.791666698  3.963860000e+02
  2014.812500000  3.967580000e+02
  2014.833333302  3.971690000e+02
  2014.854166698  3.975510000e+02
  2014.875000000  3.978910000e+02
  2014.895833302  3.981910000e+02
  2014.916666698  3.984410000e+02
  2014.937500000  3.986530000e+02
  2014.958333302  3.988390000e+02
  2014.979166698  3.990120000e+02
  2015.000000000  3.992420000e+02
  2015.020833302  3.994050000e+02
  2015.041666698  3.995670000e+02
  2015.062500000  3.997240000e+02
  2015.083333302  3.998720000e+02
  2015.104166698  4.000080000e+02
  2015.125000000  4.001300000e+02
  2015.145833302  4.002420000e+02
  2015.166666698  4.003500000e+02
  2015.187500000  4.004570000e+02
  2015.208333302  4.005670000e+02
  2015.229166698  4.006790000e+02
  2015.250000000  4.007880000e+02
  2015.270833302  4.008880000e+02
  2015.291666698  4.009850000e+02
  2015.312500000  4.010400000e+02
  2015.333333302  4.010580000e+02
  2015.354166698  4.010180000e+02
  2015.375000000  4.009450000e+02
  2015.395833302  4.008190000e+02
  2015.416666698  4.006580000e+02
  2015.437500000  4.004130000e+02
  2015.458333302  4.001030000e+02
  2015.479166698  3.997350000e+02
  2015.500000000  3.993010000e+02
  2015.520833302  3.988340000e+02
  2015.541666698  3.983570000e+02
  2015.562500000  3.979040000e+02
  2015.583333302  3.975040000e+02
  2015.604166698  3.971900000e+02
  2015.625000000  3.969710000e+02
  2015.645833302  3.968810000e+02
  2015.666666698  3.969150000e+02
  2015.687500000  3.970660000e+02
  2015.708333302  3.972760000e+02
  2015.729166698  3.975920000e+02
  2015.750000000  3.979670000e+02
  2015.770833302  3.983770000e+02
  2015.791666698  3.988000000e+02
  2015.812500000  3.992190000e+02
  2015.833333302  3.996260000e+02
  2015.854166698  4.000130000e+02
  2015.875000000  4.003760000e+02
  2015.895833302  4.007260000e+02
  2015.916666698  4.010590000e+02
  2015.937500000  4.013760000e+02
  2015.958333302  4.016740000e+02
  2015.979166698  4.019500000e+02
  2016.000000000  4.022120000e+02
  2016.020833302  4.024320000e+02
  2016.041666698  4.026270000e+02
  2016.062500000  4.028010000e+02
  2016.083333302  4.029590000e+02
  2016.104166698  4.031070000e+02
  2016.125000000  4.032510000e+02
  2016.145833302  4.033960000e+02
  2016.166666698  4.035440000e+02
  2016.187500000  4.036940000e+02
  2016.208333302  4.038440000e+02
  2016.229166698  4.039930000e+02
  2016.250000000  4.041350000e+02
  2016.270833302  4.042660000e+02
  2016.291666698  4.043780000e+02
  2016.312500000  4.044630000e+02
  2016.333333302  4.044980000e+02
  2016.354166698  4.044950000e+02
  2016.375000000  4.044430000e+02
  2016.395833302  4.043380000e+02
  2016.416666698  4.041770000e+02
  2016.437500000  4.039480000e+02
  2016.458333302  4.036620000e+02
  2016.479166698  4.033210000e+02
  2016.500000000  4.029350000e+02
  2016.520833302  4.025250000e+02
  2016.541666698  4.020920000e+02
  2016.562500000  4.016670000e+02
  2016.583333302  4.012760000e+02
  2016.604166698  4.009430000e+02
  2016.625000000  4.007000000e+02
  2016.645833302  4.005640000e+02
  2016.666666698  4.005490000e+02
  2016.687500000  4.006580000e+02
  2016.708333302  4.008840000e+02
  2016.729166698  4.012040000e+02
  2016.750000000  4.015860000e+02
  2016.770833302  4.019980000e+02
  2016.791666698  4.024140000e+02
  2016.812500000  4.028070000e+02
  2016.833333302  4.031660000e+02
  2016.854166698  4.034880000e+02
  2016.875000000  4.037770000e+02
  2016.895833302  4.040370000e+02
  2016.916666698  4.042730000e+02
  2016.937500000  4.044890000e+02
  2016.958333302  4.046910000e+02
  2016.979166698  4.048530000e+02
  2017.000000000  4.050020000e+02
  2017.020833302  4.051650000e+02
  2017.041666698  4.053270000e+02
  2017.062500000  4.054860000e+02
  2017.083333302  4.056390000e+02
  2017.104166698  4.057840000e+02
  2017.125000000  4.059170000e+02
  2017.145833302  4.060380000e+02
  2017.166666698  4.061450000e+02
  2017.187500000  4.062400000e+02
  2017.208333302  4.063230000e+02
  2017.229166698  4.063970000e+02
  2017.250000000  4.064640000e+02
  2017.270833302  4.065490000e+02
  2017.291666698  4.066130000e+02
  2017.312500000  4.066710000e+02
  2017.333333302  4.067150000e+02
  2017.354166698  4.067290000e+02
  2017.375000000  4.066990000e+02
  2017.395833302  4.066090000e+02
  2017.416666698  4.063890000e+02
  2017.437500000  4.061680000e+02
  2017.458333302  4.059340000e+02
  2017.479166698  4.056160000e+02
  2017.500000000  4.050310000e+02
  2017.520833302  4.045640000e+02
  2017.541666698  4.041240000e+02
  2017.562500000  4.036340000e+02
  2017.583333302  4.031760000e+02
  2017.604166698  4.027820000e+02
  2017.625000000  4.024820000e+02
  2017.645833302  4.023020000e+02
  2017.666666698  4.022600000e+02
  2017.687500000  4.023910000e+02
  2017.708333302  4.025780000e+02
  2017.729166698  4.029030000e+02
  2017.750000000  4.032750000e+02
  2017.770833302  4.037180000e+02
  2017.791666698  4.041790000e+02
  2017.812500000  4.045870000e+02
  2017.833333302  4.050210000e+02
  2017.854166698  4.053790000e+02
  2017.875000000  4.057300000e+02
  2017.895833302  4.060350000e+02
  2017.916666698  4.062940000e+02
  2017.937500000  4.065370000e+02
  2017.958333302  4.067610000e+02
  2017.979166698  4.069710000e+02
  2018.000000000  4.071520000e+02
  2018.020833302  4.073450000e+02
  2018.041666698  4.075320000e+02
  2018.062500000  4.077130000e+02
  2018.083333302  4.078990000e+02
  2018.104166698  4.080740000e+02
  2018.125000000  4.082380000e+02
  2018.145833302  4.083920000e+02
  2018.166666698  4.085350000e+02
  2018.187500000  4.086650000e+02
  2018.208333302  4.087830000e+02
  2018.229166698  4.088860000e+02
  2018.250000000  4.089720000e+02
  2018.270833302  4.090410000e+02
  2018.291666698  4.090900000e+02
  2018.312500000  4.091170000e+02
  2018.333333302  4.091180000e+02
  2018.354166698  4.090870000e+02
  2018.375000000  4.090140000e+02
  2018.395833302  4.088880000e+02
  2018.416666698  4.087020000e+02
  2018.437500000  4.084500000e+02
  2018.458333302  4.081360000e+02
  2018.479166698  4.077670000e+02
  2018.500000000  4.073560000e+02
  2018.520833302  4.069190000e+02
  2018.541666698  4.064740000e+02
  2018.562500000  4.060420000e+02
  2018.583333302  4.056430000e+02
  2018.604166698  4.052990000e+02
  2018.625000000  4.050370000e+02
  2018.645833302  4.048750000e+02
  2018.666666698  4.048290000e+02
  2018.687500000  4.049080000e+02
  2018.708333302  4.051080000e+02
  2018.729166698  4.054110000e+02
  2018.750000000  4.057920000e+02
  2018.770833302  4.062190000e+02
  2018.791666698  4.066620000e+02
  2018.812500000  4.070930000e+02
  2018.833333302  4.074570000e+02
  2018.854166698  4.078200000e+02
  2018.875000000  4.081470000e+02
  2018.895833302  4.084440000e+02
  2018.916666698  4.087170000e+02
  2018.937500000  4.089690000e+02
  2018.958333302  4.092000000e+02
  2018.979166698  4.094050000e+02
  2019.000000000  4.096320000e+02
  2019.020833302  4.098170000e+02
  2019.041666698  4.099390000e+02
  2019.062500000  4.100420000e+02
  2019.083333302  4.101340000e+02
  2019.104166698  4.102270000e+02
  2019.125000000  4.103300000e+02
  2019.145833302  4.104510000e+02
  2019.166666698  4.105890000e+02
  2019.187500000  4.107400000e+02
  2019.208333302  4.108930000e+02
  2019.229166698  4.110390000e+02
  2019.250000000  4.111680000e+02
  2019.270833302  4.112740000e+02
  2019.291666698  4.113530000e+02
  2019.312500000  4.114050000e+02
  2019.333333302  4.114300000e+02
  2019.354166698  4.114230000e+02
  2019.375000000  4.113770000e+02
  2019.395833302  4.112800000e+02
  2019.416666698  4.111210000e+02
  2019.437500000  4.108880000e+02
  2019.458333302  4.105800000e+02
  2019.479166698  4.102040000e+02
  2019.500000000  4.097760000e+02
  2019.520833302  4.093200000e+02
  2019.541666698  4.088630000e+02
  2019.562500000  4.084350000e+02
  2019.583333302  4.080620000e+02
  2019.604166698  4.077680000e+02
  2019.625000000  4.075670000e+02
  2019.645833302  4.074720000e+02
  2019.666666698  4.074880000e+02
  2019.687500000  4.076160000e+02
  2019.708333302  4.078500000e+02
  2019.729166698  4.081740000e+02
  2019.750000000  4.085680000e+02
  2019.770833302  4.090030000e+02
  2019.791666698  4.094500000e+02
  2019.812500000  4.098790000e+02
  2019.833333302  4.102700000e+02
  2019.854166698  4.106120000e+02
  2019.875000000  4.109030000e+02
  2019.895833302  4.111520000e+02
  2019.916666698  4.113700000e+02
  2019.937500000  4.115710000e+02
  2019.958333302  4.117660000e+02
  2019.979166698  4.119600000e+02
  2020.000000000  4.120990000e+02
  2020.020833302  4.122800000e+02
  2020.041666698  4.124500000e+02
  2020.062500000  4.125740000e+02
  2020.083333302  4.127120000e+02
  2020.104166698  4.128370000e+02
  2020.125000000  4.129520000e+02
  2020.145833302  4.130620000e+02
  2020.166666698  4.131740000e+02
  2020.187500000  4.132950000e+02
  2020.208333302  4.134480000e+02
  2020.229166698  4.135920000e+02
  2020.250000000  4.136810000e+02
  2020.270833302  4.137940000e+02
  2020.291666698  4.138870000e+02
  2020.312500000  4.139480000e+02
  2020.333333302  4.139690000e+02
  2020.354166698  4.139410000e+02
  2020.375000000  4.138540000e+02
  2020.395833302  4.137040000e+02
  2020.416666698  4.134900000e+02
  2020.437500000  4.132700000e+02
  2020.458333302  4.129280000e+02
  2020.479166698  4.125320000e+02
  2020.500000000  4.121030000e+02
  2020.520833302  4.116350000e+02
  2020.541666698  4.111550000e+02
  2020.562500000  4.106900000e+02
  2020.583333302  4.102680000e+02
  2020.604166698  4.099210000e+02
  2020.625000000  4.096260000e+02
  2020.645833302  4.095000000e+02
  2020.666666698  4.095110000e+02
  2020.687500000  4.096590000e+02
  2020.708333302  4.099270000e+02
  2020.729166698  4.102930000e+02
  2020.750000000  4.107260000e+02
  2020.770833302  4.111960000e+02
  2020.791666698  4.116730000e+02
  2020.812500000  4.121340000e+02
  2020.833333302  4.125600000e+02
  2020.854166698  4.129420000e+02
  2020.875000000  4.133060000e+02
  2020.895833302  4.135790000e+02
  2020.916666698  4.138050000e+02
  2020.937500000  4.139920000e+02
  2020.958333302  4.141450000e+02
  2020.979166698  4.142800000e+02
  2021.000000000  4.144970000e+02
  2021.020833302  4.146320000e+02
  2021.041666698  4.147710000e+02
  2021.062500000  4.149130000e+02
  2021.083333302  4.150520000e+02
  2021.104166698  4.151790000e+02
  2021.125000000  4.152910000e+02
  2021.145833302  4.153830000e+02
  2021.166666698  4.154580000e+02
  2021.187500000  4.155630000e+02
  2021.208333302  4.156060000e+02
  2021.229166698  4.156540000e+02
  2021.250000000  4.157160000e+02
  2021.270833302  4.157990000e+02
  2021.291666698  4.159000000e+02
  2021.312500000  4.160070000e+02
  2021.333333302  4.161020000e+02
  2021.354166698  4.161620000e+02
  2021.375000000  4.161220000e+02
  2021.395833302  4.160380000e+02
  2021.416666698  4.158750000e+02
  2021.437500000  4.156290000e+02
  2021.458333302  4.153010000e+02
  2021.479166698  4.149000000e+02
  2021.500000000  4.144410000e+02
  2021.520833302  4.139590000e+02
  2021.541666698  4.134610000e+02
  2021.562500000  4.129890000e+02
  2021.583333302  4.125740000e+02
  2021.604166698  4.122450000e+02
  2021.625000000  4.120300000e+02
  2021.645833302  4.119390000e+02
  2021.666666698  4.119150000e+02
  2021.687500000  4.120100000e+02
  2021.708333302  4.122440000e+02
  2021.729166698  4.125610000e+02
  2021.750000000  4.129700000e+02
  2021.770833302  4.134460000e+02
  2021.791666698  4.139580000e+02
  2021.812500000  4.145880000e+02
  2021.833333302  4.150900000e+02
  2021.854166698  4.156200000e+02
  2021.875000000  4.161560000e+02
  2021.895833302  4.164080000e+02
  2021.916666698  4.167140000e+02
  2021.937500000  4.169860000e+02
  2021.958333302  4.173400000e+02
  2021.979166698  4.176610000e+02
  2022.000000000  4.179630000e+02
