1979 01 01 00 00 00  3.360940000e+02
1979 01 08 14 29 59  3.363310000e+02
1979 01 16 05 00 01  3.365690000e+02
1979 01 23 19 30 00  3.367930000e+02
1979 01 31 09 59 59  3.369900000e+02
1979 02 08 00 30 01  3.371590000e+02
1979 02 15 15 00 00  3.373020000e+02
1979 02 23 05 29 59  3.374300000e+02
1979 03 02 20 00 01  3.375500000e+02
1979 03 10 10 30 00  3.377380000e+02
1979 03 18 00 59 59  3.378830000e+02
1979 03 25 15 30 01  3.380290000e+02
1979 04 02 06 00 00  3.381620000e+02
1979 04 09 20 29 59  3.382710000e+02
1979 04 17 11 00 01  3.383480000e+02
1979 04 25 01 30 00  3.383880000e+02
1979 05 02 15 59 59  3.383920000e+02
1979 05 10 06 30 01  3.383660000e+02
1979 05 17 21 00 00  3.382950000e+02
1979 05 25 11 29 59  3.381790000e+02
1979 06 02 02 00 01  3.380060000e+02
1979 06 09 16 30 00  3.377620000e+02
1979 06 17 06 59 59  3.374380000e+02
1979 06 24 21 30 01  3.370330000e+02
1979 07 02 12 00 00  3.365610000e+02
1979 07 10 02 29 59  3.360490000e+02
1979 07 17 17 00 01  3.355340000e+02
1979 07 25 07 30 00  3.350590000e+02
1979 08 01 21 59 59  3.346660000e+02
1979 08 09 12 30 01  3.343930000e+02
1979 08 17 03 00 00  3.342510000e+02
1979 08 24 17 29 59  3.342410000e+02
1979 09 01 08 00 01  3.344900000e+02
1979 09 08 22 30 00  3.346960000e+02
1979 09 16 12 59 59  3.349780000e+02
1979 09 24 03 30 01  3.353120000e+02
1979 10 01 18 00 00  3.356720000e+02
1979 10 09 08 29 59  3.360370000e+02
1979 10 16 23 00 01  3.363860000e+02
1979 10 24 13 30 00  3.367040000e+02
1979 11 01 03 59 59  3.369780000e+02
1979 11 08 18 30 01  3.372040000e+02
1979 11 16 09 00 00  3.373840000e+02
1979 11 23 23 29 59  3.375280000e+02
1979 12 01 14 00 01  3.376510000e+02
1979 12 09 04 30 00  3.377110000e+02
1979 12 16 18 59 59  3.378110000e+02
1979 12 24 09 30 01  3.379560000e+02
1980 01 01 00 00 00  3.381710000e+02
1980 01 08 14 59 59  3.383790000e+02
1980 01 16 06 00 01  3.385240000e+02
1980 01 23 21 00 00  3.387470000e+02
1980 01 31 11 59 59  3.389610000e+02
1980 02 08 03 00 01  3.391490000e+02
1980 02 15 18 00 00  3.393060000e+02
1980 02 23 08 59 59  3.393990000e+02
1980 03 02 00 00 01  3.394760000e+02
1980 03 09 15 00 00  3.395370000e+02
1980 03 17 05 59 59  3.395920000e+02
1980 03 24 21 00 01  3.396580000e+02
1980 04 01 12 00 00  3.397440000e+02
1980 04 09 02 59 59  3.398560000e+02
1980 04 16 18 00 01  3.399890000e+02
1980 04 24 09 00 00  3.401210000e+02
1980 05 01 23 59 59  3.402830000e+02
1980 05 09 15 00 01  3.403990000e+02
1980 05 17 06 00 00  3.404890000e+02
1980 05 24 20 59 59  3.404880000e+02
1980 06 01 12 00 01  3.404260000e+02
1980 06 09 03 00 00  3.402800000e+02
1980 06 16 17 59 59  3.400660000e+02
1980 06 24 09 00 01  3.397330000e+02
1980 07 02 00 00 00  3.393120000e+02
1980 07 09 14 59 59  3.388600000e+02
1980 07 17 06 00 01  3.384120000e+02
1980 07 24 21 00 00  3.380010000e+02
1980 08 01 11 59 59  3.376490000e+02
1980 08 09 03 00 01  3.373670000e+02
1980 08 16 18 00 00  3.371580000e+02
1980 08 24 08 59 59  3.370190000e+02
1980 09 01 00 00 01  3.369490000e+02
1980 09 08 15 00 00  3.369440000e+02
1980 09 16 05 59 59  3.369850000e+02
1980 09 23 21 00 01  3.371490000e+02
1980 10 01 12 00 00  3.372900000e+02
1980 10 09 02 59 59  3.375250000e+02
1980 10 16 18 00 01  3.378050000e+02
1980 10 24 09 00 00  3.381100000e+02
1980 10 31 23 59 59  3.384170000e+02
1980 11 08 15 00 01  3.387050000e+02
1980 11 16 06 00 00  3.389600000e+02
1980 11 23 20 59 59  3.391740000e+02
1980 12 01 12 00 01  3.393530000e+02
1980 12 09 03 00 00  3.395050000e+02
1980 12 16 17 59 59  3.396430000e+02
1980 12 24 09 00 01  3.397760000e+02
1981 01 01 00 00 00  3.399100000e+02
1981 01 08 14 29 59  3.400490000e+02
1981 01 16 05 00 01  3.401870000e+02
1981 01 23 19 30 00  3.403240000e+02
1981 01 31 09 59 59  3.404600000e+02
1981 02 08 00 30 01  3.405970000e+02
1981 02 15 15 00 00  3.407410000e+02
1981 02 23 05 29 59  3.408960000e+02
1981 03 02 20 00 01  3.410610000e+02
1981 03 10 10 30 00  3.412320000e+02
1981 03 18 00 59 59  3.414010000e+02
1981 03 25 15 30 01  3.415390000e+02
1981 04 02 06 00 00  3.416420000e+02
1981 04 09 20 29 59  3.417040000e+02
1981 04 17 11 00 01  3.416970000e+02
1981 04 25 01 30 00  3.416800000e+02
1981 05 02 15 59 59  3.416310000e+02
1981 05 10 06 30 01  3.415540000e+02
1981 05 17 21 00 00  3.414500000e+02
1981 05 25 11 29 59  3.413150000e+02
1981 06 02 02 00 01  3.411430000e+02
1981 06 09 16 30 00  3.409260000e+02
1981 06 17 06 59 59  3.406590000e+02
1981 06 24 21 30 01  3.403430000e+02
1981 07 02 12 00 00  3.399860000e+02
1981 07 10 02 29 59  3.396020000e+02
1981 07 17 17 00 01  3.392100000e+02
1981 07 25 07 30 00  3.388460000e+02
1981 08 01 21 59 59  3.384940000e+02
1981 08 09 12 30 01  3.382860000e+02
1981 08 17 03 00 00  3.380330000e+02
1981 08 24 17 29 59  3.378580000e+02
1981 09 01 08 00 01  3.377740000e+02
1981 09 08 22 30 00  3.377900000e+02
1981 09 16 12 59 59  3.379060000e+02
1981 09 24 03 30 01  3.381130000e+02
1981 10 01 18 00 00  3.383950000e+02
1981 10 09 08 29 59  3.387260000e+02
1981 10 16 23 00 01  3.390770000e+02
1981 10 24 13 30 00  3.394210000e+02
1981 11 01 03 59 59  3.397330000e+02
1981 11 08 18 30 01  3.399990000e+02
1981 11 16 09 00 00  3.402130000e+02
1981 11 23 23 29 59  3.403790000e+02
1981 12 01 14 00 01  3.405120000e+02
1981 12 09 04 30 00  3.406260000e+02
1981 12 16 18 59 59  3.407390000e+02
1981 12 24 09 30 01  3.408670000e+02
1982 01 01 00 00 00  3.410230000e+02
1982 01 08 14 29 59  3.411910000e+02
1982 01 16 05 00 01  3.413700000e+02
1982 01 23 19 30 00  3.415500000e+02
1982 01 31 09 59 59  3.417140000e+02
1982 02 08 00 30 01  3.418550000e+02
1982 02 15 15 00 00  3.419680000e+02
1982 02 23 05 29 59  3.420560000e+02
1982 03 02 20 00 01  3.421300000e+02
1982 03 10 10 30 00  3.421350000e+02
1982 03 18 00 59 59  3.422180000e+02
1982 03 25 15 30 01  3.423080000e+02
1982 04 02 06 00 00  3.423990000e+02
1982 04 09 20 29 59  3.424800000e+02
1982 04 17 11 00 01  3.425410000e+02
1982 04 25 01 30 00  3.425680000e+02
1982 05 02 15 59 59  3.425540000e+02
1982 05 10 06 30 01  3.424970000e+02
1982 05 17 21 00 00  3.423960000e+02
1982 05 25 11 29 59  3.422530000e+02
1982 06 02 02 00 01  3.420640000e+02
1982 06 09 16 30 00  3.418310000e+02
1982 06 17 06 59 59  3.415340000e+02
1982 06 24 21 30 01  3.411720000e+02
1982 07 02 12 00 00  3.407450000e+02
1982 07 10 02 29 59  3.402640000e+02
1982 07 17 17 00 01  3.397500000e+02
1982 07 25 07 30 00  3.392310000e+02
1982 08 01 21 59 59  3.387440000e+02
1982 08 09 12 30 01  3.383260000e+02
1982 08 17 03 00 00  3.380110000e+02
1982 08 24 17 29 59  3.378250000e+02
1982 09 01 08 00 01  3.377790000e+02
1982 09 08 22 30 00  3.378710000e+02
1982 09 16 12 59 59  3.380890000e+02
1982 09 24 03 30 01  3.384070000e+02
1982 10 01 18 00 00  3.387930000e+02
1982 10 09 08 29 59  3.392120000e+02
1982 10 16 23 00 01  3.396320000e+02
1982 10 24 13 30 00  3.400280000e+02
1982 11 01 03 59 59  3.403870000e+02
1982 11 08 18 30 01  3.407010000e+02
1982 11 16 09 00 00  3.409740000e+02
1982 11 23 23 29 59  3.412090000e+02
1982 12 01 14 00 01  3.414160000e+02
1982 12 09 04 30 00  3.416050000e+02
1982 12 16 18 59 59  3.417800000e+02
1982 12 24 09 30 01  3.419450000e+02
1983 01 01 00 00 00  3.420960000e+02
1983 01 08 14 29 59  3.422420000e+02
1983 01 16 05 00 01  3.423760000e+02
1983 01 23 19 30 00  3.425000000e+02
1983 01 31 09 59 59  3.426010000e+02
1983 02 08 00 30 01  3.426840000e+02
1983 02 15 15 00 00  3.427500000e+02
1983 02 23 05 29 59  3.428070000e+02
1983 03 02 20 00 01  3.428660000e+02
1983 03 10 10 30 00  3.429350000e+02
1983 03 18 00 59 59  3.430210000e+02
1983 03 25 15 30 01  3.431280000e+02
1983 04 02 06 00 00  3.432530000e+02
1983 04 09 20 29 59  3.433870000e+02
1983 04 17 11 00 01  3.435220000e+02
1983 04 25 01 30 00  3.436460000e+02
1983 05 02 15 59 59  3.437500000e+02
1983 05 10 06 30 01  3.438280000e+02
1983 05 17 21 00 00  3.438720000e+02
1983 05 25 11 29 59  3.438770000e+02
1983 06 02 02 00 01  3.438350000e+02
1983 06 09 16 30 00  3.437340000e+02
1983 06 17 06 59 59  3.435620000e+02
1983 06 24 21 30 01  3.433130000e+02
1983 07 02 12 00 00  3.429870000e+02
1983 07 10 02 29 59  3.425930000e+02
1983 07 17 17 00 01  3.421510000e+02
1983 07 25 07 30 00  3.416890000e+02
1983 08 01 21 59 59  3.412430000e+02
1983 08 09 12 30 01  3.408470000e+02
1983 08 17 03 00 00  3.405350000e+02
1983 08 24 17 29 59  3.403320000e+02
1983 09 01 08 00 01  3.402520000e+02
1983 09 08 22 30 00  3.402970000e+02
1983 09 16 12 59 59  3.404580000e+02
1983 09 24 03 30 01  3.407140000e+02
1983 10 01 18 00 00  3.410380000e+02
1983 10 09 08 29 59  3.413990000e+02
1983 10 16 23 00 01  3.417650000e+02
1983 10 24 13 30 00  3.421080000e+02
1983 11 01 03 59 59  3.424090000e+02
1983 11 08 18 30 01  3.426580000e+02
1983 11 16 09 00 00  3.428550000e+02
1983 11 23 23 29 59  3.430160000e+02
1983 12 01 14 00 01  3.431580000e+02
1983 12 09 04 30 00  3.433030000e+02
1983 12 16 18 59 59  3.434680000e+02
1983 12 24 09 30 01  3.436600000e+02
1984 01 01 00 00 00  3.438850000e+02
1984 01 08 14 59 59  3.441150000e+02
1984 01 16 06 00 01  3.443380000e+02
1984 01 23 21 00 00  3.445350000e+02
1984 01 31 11 59 59  3.446900000e+02
1984 02 08 03 00 01  3.447960000e+02
1984 02 15 18 00 00  3.448530000e+02
1984 02 23 08 59 59  3.448700000e+02
1984 03 02 00 00 01  3.448590000e+02
1984 03 09 15 00 00  3.448360000e+02
1984 03 17 05 59 59  3.450160000e+02
1984 03 24 21 00 01  3.450210000e+02
1984 04 01 12 00 00  3.450510000e+02
1984 04 09 02 59 59  3.451070000e+02
1984 04 16 18 00 01  3.451840000e+02
1984 04 24 09 00 00  3.452720000e+02
1984 05 01 23 59 59  3.453510000e+02
1984 05 09 15 00 01  3.453960000e+02
1984 05 17 06 00 00  3.453860000e+02
1984 05 24 20 59 59  3.453030000e+02
1984 06 01 12 00 01  3.451410000e+02
1984 06 09 03 00 00  3.449020000e+02
1984 06 16 17 59 59  3.445990000e+02
1984 06 24 09 00 01  3.442520000e+02
1984 07 02 00 00 00  3.438860000e+02
1984 07 09 14 59 59  3.435200000e+02
1984 07 17 06 00 01  3.431730000e+02
1984 07 24 21 00 00  3.428570000e+02
1984 08 01 11 59 59  3.425800000e+02
1984 08 09 03 00 01  3.423480000e+02
1984 08 16 18 00 00  3.421660000e+02
1984 08 24 08 59 59  3.420420000e+02
1984 09 01 00 00 01  3.419840000e+02
1984 09 08 15 00 00  3.419960000e+02
1984 09 16 05 59 59  3.420790000e+02
1984 09 23 21 00 01  3.422270000e+02
1984 10 01 12 00 00  3.424320000e+02
1984 10 09 02 59 59  3.426820000e+02
1984 10 16 18 00 01  3.429850000e+02
1984 10 24 09 00 00  3.432810000e+02
1984 10 31 23 59 59  3.435830000e+02
1984 11 08 15 00 01  3.438830000e+02
1984 11 16 06 00 00  3.441720000e+02
1984 11 23 20 59 59  3.444410000e+02
1984 12 01 12 00 01  3.446800000e+02
1984 12 09 03 00 00  3.448780000e+02
1984 12 16 17 59 59  3.450300000e+02
1984 12 24 09 00 01  3.451330000e+02
1985 01 01 00 00 00  3.452730000e+02
1985 01 08 14 29 59  3.453170000e+02
1985 01 16 05 00 01  3.453470000e+02
1985 01 23 19 30 00  3.453890000e+02
1985 01 31 09 59 59  3.454660000e+02
1985 02 08 00 30 01  3.455920000e+02
1985 02 15 15 00 00  3.457710000e+02
1985 02 23 05 29 59  3.459920000e+02
1985 03 02 20 00 01  3.462350000e+02
1985 03 10 10 30 00  3.464730000e+02
1985 03 18 00 59 59  3.466810000e+02
1985 03 25 15 30 01  3.468380000e+02
1985 04 02 06 00 00  3.469210000e+02
1985 04 09 20 29 59  3.469620000e+02
1985 04 17 11 00 01  3.469590000e+02
1985 04 25 01 30 00  3.469270000e+02
1985 05 02 15 59 59  3.468810000e+02
1985 05 10 06 30 01  3.468590000e+02
1985 05 17 21 00 00  3.468030000e+02
1985 05 25 11 29 59  3.467000000e+02
1985 06 02 02 00 01  3.465930000e+02
1985 06 09 16 30 00  3.464390000e+02
1985 06 17 06 59 59  3.463490000e+02
1985 06 24 21 30 01  3.460870000e+02
1985 07 02 12 00 00  3.457560000e+02
1985 07 10 02 29 59  3.453660000e+02
1985 07 17 17 00 01  3.449340000e+02
1985 07 25 07 30 00  3.444790000e+02
1985 08 01 21 59 59  3.440360000e+02
1985 08 09 12 30 01  3.436330000e+02
1985 08 17 03 00 00  3.433090000e+02
1985 08 24 17 29 59  3.431810000e+02
1985 09 01 08 00 01  3.430260000e+02
1985 09 08 22 30 00  3.431010000e+02
1985 09 16 12 59 59  3.432960000e+02
1985 09 24 03 30 01  3.435890000e+02
1985 10 01 18 00 00  3.439430000e+02
1985 10 09 08 29 59  3.442830000e+02
1985 10 16 23 00 01  3.446550000e+02
1985 10 24 13 30 00  3.450010000e+02
1985 11 01 03 59 59  3.453100000e+02
1985 11 08 18 30 01  3.455770000e+02
1985 11 16 09 00 00  3.458070000e+02
1985 11 23 23 29 59  3.460090000e+02
1985 12 01 14 00 01  3.461960000e+02
1985 12 09 04 30 00  3.463760000e+02
1985 12 16 18 59 59  3.465520000e+02
1985 12 24 09 30 01  3.467230000e+02
1986 01 01 00 00 00  3.468890000e+02
1986 01 08 14 29 59  3.470240000e+02
1986 01 16 05 00 01  3.471310000e+02
1986 01 23 19 30 00  3.472100000e+02
1986 01 31 09 59 59  3.472620000e+02
1986 02 08 00 30 01  3.472970000e+02
1986 02 15 15 00 00  3.473260000e+02
1986 02 23 05 29 59  3.473730000e+02
1986 03 02 20 00 01  3.474340000e+02
1986 03 10 10 30 00  3.475220000e+02
1986 03 18 00 59 59  3.476340000e+02
1986 03 25 15 30 01  3.479290000e+02
1986 04 02 06 00 00  3.480440000e+02
1986 04 09 20 29 59  3.481500000e+02
1986 04 17 11 00 01  3.482380000e+02
1986 04 25 01 30 00  3.483070000e+02
1986 05 02 15 59 59  3.483530000e+02
1986 05 10 06 30 01  3.483730000e+02
1986 05 17 21 00 00  3.483570000e+02
1986 05 25 11 29 59  3.483050000e+02
1986 06 02 02 00 01  3.481530000e+02
1986 06 09 16 30 00  3.480210000e+02
1986 06 17 06 59 59  3.478190000e+02
1986 06 24 21 30 01  3.475360000e+02
1986 07 02 12 00 00  3.471760000e+02
1986 07 10 02 29 59  3.467500000e+02
1986 07 17 17 00 01  3.462930000e+02
1986 07 25 07 30 00  3.458390000e+02
1986 08 01 21 59 59  3.454260000e+02
1986 08 09 12 30 01  3.450890000e+02
1986 08 17 03 00 00  3.448520000e+02
1986 08 24 17 29 59  3.447470000e+02
1986 09 01 08 00 01  3.445420000e+02
1986 09 08 22 30 00  3.446220000e+02
1986 09 16 12 59 59  3.448020000e+02
1986 09 24 03 30 01  3.450580000e+02
1986 10 01 18 00 00  3.453660000e+02
1986 10 09 08 29 59  3.457030000e+02
1986 10 16 23 00 01  3.460460000e+02
1986 10 24 13 30 00  3.463780000e+02
1986 11 01 03 59 59  3.466830000e+02
1986 11 08 18 30 01  3.471570000e+02
1986 11 16 09 00 00  3.473650000e+02
1986 11 23 23 29 59  3.475220000e+02
1986 12 01 14 00 01  3.476390000e+02
1986 12 09 04 30 00  3.477300000e+02
1986 12 16 18 59 59  3.477970000e+02
1986 12 24 09 30 01  3.477890000e+02
1987 01 01 00 00 00  3.477990000e+02
1987 01 08 14 29 59  3.479030000e+02
1987 01 16 05 00 01  3.480260000e+02
1987 01 23 19 30 00  3.481130000e+02
1987 01 31 09 59 59  3.482560000e+02
1987 02 08 00 30 01  3.484200000e+02
1987 02 15 15 00 00  3.485480000e+02
1987 02 23 05 29 59  3.487300000e+02
1987 03 02 20 00 01  3.489120000e+02
1987 03 10 10 30 00  3.490980000e+02
1987 03 18 00 59 59  3.493000000e+02
1987 03 25 15 30 01  3.494820000e+02
1987 04 02 06 00 00  3.496500000e+02
1987 04 09 20 29 59  3.498550000e+02
1987 04 17 11 00 01  3.500030000e+02
1987 04 25 01 30 00  3.501310000e+02
1987 05 02 15 59 59  3.502240000e+02
1987 05 10 06 30 01  3.502870000e+02
1987 05 17 21 00 00  3.503220000e+02
1987 05 25 11 29 59  3.502690000e+02
1987 06 02 02 00 01  3.501230000e+02
1987 06 09 16 30 00  3.498880000e+02
1987 06 17 06 59 59  3.494710000e+02
1987 06 24 21 30 01  3.491250000e+02
1987 07 02 12 00 00  3.487250000e+02
1987 07 10 02 29 59  3.482790000e+02
1987 07 17 17 00 01  3.478330000e+02
1987 07 25 07 30 00  3.474100000e+02
1987 08 01 21 59 59  3.471160000e+02
1987 08 09 12 30 01  3.467820000e+02
1987 08 17 03 00 00  3.465400000e+02
1987 08 24 17 29 59  3.463950000e+02
1987 09 01 08 00 01  3.463660000e+02
1987 09 08 22 30 00  3.464480000e+02
1987 09 16 12 59 59  3.466380000e+02
1987 09 24 03 30 01  3.469120000e+02
1987 10 01 18 00 00  3.472550000e+02
1987 10 09 08 29 59  3.476080000e+02
1987 10 16 23 00 01  3.479820000e+02
1987 10 24 13 30 00  3.483390000e+02
1987 11 01 03 59 59  3.486750000e+02
1987 11 08 18 30 01  3.489850000e+02
1987 11 16 09 00 00  3.492660000e+02
1987 11 23 23 29 59  3.495230000e+02
1987 12 01 14 00 01  3.497560000e+02
1987 12 09 04 30 00  3.499930000e+02
1987 12 16 18 59 59  3.502390000e+02
1987 12 24 09 30 01  3.504290000e+02
1988 01 01 00 00 00  3.505630000e+02
1988 01 08 14 59 59  3.507590000e+02
1988 01 16 06 00 01  3.508970000e+02
1988 01 23 21 00 00  3.510880000e+02
1988 01 31 11 59 59  3.512330000e+02
1988 02 08 03 00 01  3.513750000e+02
1988 02 15 18 00 00  3.514850000e+02
1988 02 23 08 59 59  3.515710000e+02
1988 03 02 00 00 01  3.516670000e+02
1988 03 09 15 00 00  3.517590000e+02
1988 03 17 05 59 59  3.518560000e+02
1988 03 24 21 00 01  3.519130000e+02
1988 04 01 12 00 00  3.520530000e+02
1988 04 09 02 59 59  3.521810000e+02
1988 04 16 18 00 01  3.523050000e+02
1988 04 24 09 00 00  3.524160000e+02
1988 05 01 23 59 59  3.525070000e+02
1988 05 09 15 00 01  3.525290000e+02
1988 05 17 06 00 00  3.524820000e+02
1988 05 24 20 59 59  3.524240000e+02
1988 06 01 12 00 01  3.522760000e+02
1988 06 09 03 00 00  3.520730000e+02
1988 06 16 17 59 59  3.518040000e+02
1988 06 24 09 00 01  3.514820000e+02
1988 07 02 00 00 00  3.511080000e+02
1988 07 09 14 59 59  3.506960000e+02
1988 07 17 06 00 01  3.502690000e+02
1988 07 24 21 00 00  3.498600000e+02
1988 08 01 11 59 59  3.494960000e+02
1988 08 09 03 00 01  3.492140000e+02
1988 08 16 18 00 00  3.490290000e+02
1988 08 24 08 59 59  3.489280000e+02
1988 09 01 00 00 01  3.489330000e+02
1988 09 08 15 00 00  3.490320000e+02
1988 09 16 05 59 59  3.492210000e+02
1988 09 23 21 00 01  3.494790000e+02
1988 10 01 12 00 00  3.497800000e+02
1988 10 09 02 59 59  3.501060000e+02
1988 10 16 18 00 01  3.504320000e+02
1988 10 24 09 00 00  3.507610000e+02
1988 10 31 23 59 59  3.511120000e+02
1988 11 08 15 00 01  3.513770000e+02
1988 11 16 06 00 00  3.516220000e+02
1988 11 23 20 59 59  3.518540000e+02
1988 12 01 12 00 01  3.520760000e+02
1988 12 09 03 00 00  3.522930000e+02
1988 12 16 17 59 59  3.524990000e+02
1988 12 24 09 00 01  3.526400000e+02
1989 01 01 00 00 00  3.527520000e+02
1989 01 08 14 29 59  3.528870000e+02
1989 01 16 05 00 01  3.529660000e+02
1989 01 23 19 30 00  3.531380000e+02
1989 01 31 09 59 59  3.532360000e+02
1989 02 08 00 30 01  3.532990000e+02
1989 02 15 15 00 00  3.534690000e+02
1989 02 23 05 29 59  3.535840000e+02
1989 03 02 20 00 01  3.537160000e+02
1989 03 10 10 30 00  3.538640000e+02
1989 03 18 00 59 59  3.540150000e+02
1989 03 25 15 30 01  3.541500000e+02
1989 04 02 06 00 00  3.542630000e+02
1989 04 09 20 29 59  3.543500000e+02
1989 04 17 11 00 01  3.544020000e+02
1989 04 25 01 30 00  3.544270000e+02
1989 05 02 15 59 59  3.543960000e+02
1989 05 10 06 30 01  3.543240000e+02
1989 05 17 21 00 00  3.542110000e+02
1989 05 25 11 29 59  3.540770000e+02
1989 06 02 02 00 01  3.538740000e+02
1989 06 09 16 30 00  3.536160000e+02
1989 06 17 06 59 59  3.533020000e+02
1989 06 24 21 30 01  3.529310000e+02
1989 07 02 12 00 00  3.525090000e+02
1989 07 10 02 29 59  3.520530000e+02
1989 07 17 17 00 01  3.515420000e+02
1989 07 25 07 30 00  3.510690000e+02
1989 08 01 21 59 59  3.506520000e+02
1989 08 09 12 30 01  3.503260000e+02
1989 08 17 03 00 00  3.501140000e+02
1989 08 24 17 29 59  3.500320000e+02
1989 09 01 08 00 01  3.500820000e+02
1989 09 08 22 30 00  3.502530000e+02
1989 09 16 12 59 59  3.505120000e+02
1989 09 24 03 30 01  3.508340000e+02
1989 10 01 18 00 00  3.511860000e+02
1989 10 09 08 29 59  3.515110000e+02
1989 10 16 23 00 01  3.518590000e+02
1989 10 24 13 30 00  3.521860000e+02
1989 11 01 03 59 59  3.525060000e+02
1989 11 08 18 30 01  3.527870000e+02
1989 11 16 09 00 00  3.530480000e+02
1989 11 23 23 29 59  3.532920000e+02
1989 12 01 14 00 01  3.535180000e+02
1989 12 09 04 30 00  3.537240000e+02
1989 12 16 18 59 59  3.539230000e+02
1989 12 24 09 30 01  3.540960000e+02
1990 01 01 00 00 00  3.542270000e+02
1990 01 08 14 29 59  3.543540000e+02
1990 01 16 05 00 01  3.544670000e+02
1990 01 23 19 30 00  3.545730000e+02
1990 01 31 09 59 59  3.546750000e+02
1990 02 08 00 30 01  3.547780000e+02
1990 02 15 15 00 00  3.548820000e+02
1990 02 23 05 29 59  3.549670000e+02
1990 03 02 20 00 01  3.550440000e+02
1990 03 10 10 30 00  3.551180000e+02
1990 03 18 00 59 59  3.551910000e+02
1990 03 25 15 30 01  3.552680000e+02
1990 04 02 06 00 00  3.553520000e+02
1990 04 09 20 29 59  3.554370000e+02
1990 04 17 11 00 01  3.555210000e+02
1990 04 25 01 30 00  3.555710000e+02
1990 05 02 15 59 59  3.555900000e+02
1990 05 10 06 30 01  3.555560000e+02
1990 05 17 21 00 00  3.554540000e+02
1990 05 25 11 29 59  3.552770000e+02
1990 06 02 02 00 01  3.550220000e+02
1990 06 09 16 30 00  3.547180000e+02
1990 06 17 06 59 59  3.543560000e+02
1990 06 24 21 30 01  3.539540000e+02
1990 07 02 12 00 00  3.535300000e+02
1990 07 10 02 29 59  3.531010000e+02
1990 07 17 17 00 01  3.526860000e+02
1990 07 25 07 30 00  3.523030000e+02
1990 08 01 21 59 59  3.519700000e+02
1990 08 09 12 30 01  3.517040000e+02
1990 08 17 03 00 00  3.515160000e+02
1990 08 24 17 29 59  3.514210000e+02
1990 09 01 08 00 01  3.514220000e+02
1990 09 08 22 30 00  3.515260000e+02
1990 09 16 12 59 59  3.517310000e+02
1990 09 24 03 30 01  3.520240000e+02
1990 10 01 18 00 00  3.524100000e+02
1990 10 09 08 29 59  3.528080000e+02
1990 10 16 23 00 01  3.531800000e+02
1990 10 24 13 30 00  3.535830000e+02
1990 11 01 03 59 59  3.539310000e+02
1990 11 08 18 30 01  3.541900000e+02
1990 11 16 09 00 00  3.544520000e+02
1990 11 23 23 29 59  3.546740000e+02
1990 12 01 14 00 01  3.548630000e+02
1990 12 09 04 30 00  3.550280000e+02
1990 12 16 18 59 59  3.551790000e+02
1990 12 24 09 30 01  3.553220000e+02
1991 01 01 00 00 00  3.554980000e+02
1991 01 08 14 29 59  3.556440000e+02
1991 01 16 05 00 01  3.557610000e+02
1991 01 23 19 30 00  3.558790000e+02
1991 01 31 09 59 59  3.559850000e+02
1991 02 08 00 30 01  3.560850000e+02
1991 02 15 15 00 00  3.561830000e+02
1991 02 23 05 29 59  3.562850000e+02
1991 03 02 20 00 01  3.563960000e+02
1991 03 10 10 30 00  3.565180000e+02
1991 03 18 00 59 59  3.566500000e+02
1991 03 25 15 30 01  3.568630000e+02
1991 04 02 06 00 00  3.570050000e+02
1991 04 09 20 29 59  3.571280000e+02
1991 04 17 11 00 01  3.572200000e+02
1991 04 25 01 30 00  3.572730000e+02
1991 05 02 15 59 59  3.572800000e+02
1991 05 10 06 30 01  3.572380000e+02
1991 05 17 21 00 00  3.571460000e+02
1991 05 25 11 29 59  3.570020000e+02
1991 06 02 02 00 01  3.568020000e+02
1991 06 09 16 30 00  3.565440000e+02
1991 06 17 06 59 59  3.561960000e+02
1991 06 24 21 30 01  3.558410000e+02
1991 07 02 12 00 00  3.554350000e+02
1991 07 10 02 29 59  3.549920000e+02
1991 07 17 17 00 01  3.545300000e+02
1991 07 25 07 30 00  3.540690000e+02
1991 08 01 21 59 59  3.536390000e+02
1991 08 09 12 30 01  3.532690000e+02
1991 08 17 03 00 00  3.529800000e+02
1991 08 24 17 29 59  3.527920000e+02
1991 09 01 08 00 01  3.527150000e+02
1991 09 08 22 30 00  3.527550000e+02
1991 09 16 12 59 59  3.528970000e+02
1991 09 24 03 30 01  3.530360000e+02
1991 10 01 18 00 00  3.533290000e+02
1991 10 09 08 29 59  3.536660000e+02
1991 10 16 23 00 01  3.540150000e+02
1991 10 24 13 30 00  3.543430000e+02
1991 11 01 03 59 59  3.546600000e+02
1991 11 08 18 30 01  3.549380000e+02
1991 11 16 09 00 00  3.551730000e+02
1991 11 23 23 29 59  3.553700000e+02
1991 12 01 14 00 01  3.556410000e+02
1991 12 09 04 30 00  3.557970000e+02
1991 12 16 18 59 59  3.559450000e+02
1991 12 24 09 30 01  3.560940000e+02
1992 01 01 00 00 00  3.562770000e+02
1992 01 08 14 59 59  3.564080000e+02
1992 01 16 06 00 01  3.565300000e+02
1992 01 23 21 00 00  3.566510000e+02
1992 01 31 11 59 59  3.567320000e+02
1992 02 08 03 00 01  3.568070000e+02
1992 02 15 18 00 00  3.568820000e+02
1992 02 23 08 59 59  3.569590000e+02
1992 03 02 00 00 01  3.570440000e+02
1992 03 09 15 00 00  3.571410000e+02
1992 03 17 05 59 59  3.572480000e+02
1992 03 24 21 00 01  3.573690000e+02
1992 04 01 12 00 00  3.575010000e+02
1992 04 09 02 59 59  3.576380000e+02
1992 04 16 18 00 01  3.577660000e+02
1992 04 24 09 00 00  3.578700000e+02
1992 05 01 23 59 59  3.579350000e+02
1992 05 09 15 00 01  3.579430000e+02
1992 05 17 06 00 00  3.578810000e+02
1992 05 24 20 59 59  3.577420000e+02
1992 06 01 12 00 01  3.575300000e+02
1992 06 09 03 00 00  3.572490000e+02
1992 06 16 17 59 59  3.569080000e+02
1992 06 24 09 00 01  3.565200000e+02
1992 07 02 00 00 00  3.560960000e+02
1992 07 09 14 59 59  3.556480000e+02
1992 07 17 06 00 01  3.551880000e+02
1992 07 24 21 00 00  3.547320000e+02
1992 08 01 11 59 59  3.543010000e+02
1992 08 09 03 00 01  3.539170000e+02
1992 08 16 18 00 00  3.536080000e+02
1992 08 24 08 59 59  3.534020000e+02
1992 09 01 00 00 01  3.533140000e+02
1992 09 08 15 00 00  3.533520000e+02
1992 09 16 05 59 59  3.535090000e+02
1992 09 23 21 00 01  3.537680000e+02
1992 10 01 12 00 00  3.540960000e+02
1992 10 09 02 59 59  3.544450000e+02
1992 10 16 18 00 01  3.548140000e+02
1992 10 24 09 00 00  3.551640000e+02
1992 10 31 23 59 59  3.554790000e+02
1992 11 08 15 00 01  3.557560000e+02
1992 11 16 06 00 00  3.560100000e+02
1992 11 23 20 59 59  3.562240000e+02
1992 12 01 12 00 01  3.564160000e+02
1992 12 09 03 00 00  3.565920000e+02
1992 12 16 17 59 59  3.567530000e+02
1992 12 24 09 00 01  3.568980000e+02
1993 01 01 00 00 00  3.570060000e+02
1993 01 08 14 29 59  3.571220000e+02
1993 01 16 05 00 01  3.572240000e+02
1993 01 23 19 30 00  3.572910000e+02
1993 01 31 09 59 59  3.573770000e+02
1993 02 08 00 30 01  3.574600000e+02
1993 02 15 15 00 00  3.575440000e+02
1993 02 23 05 29 59  3.576320000e+02
1993 03 02 20 00 01  3.577290000e+02
1993 03 10 10 30 00  3.578370000e+02
1993 03 18 00 59 59  3.579560000e+02
1993 03 25 15 30 01  3.580840000e+02
1993 04 02 06 00 00  3.582160000e+02
1993 04 09 20 29 59  3.583430000e+02
1993 04 17 11 00 01  3.584520000e+02
1993 04 25 01 30 00  3.585310000e+02
1993 05 02 15 59 59  3.585590000e+02
1993 05 10 06 30 01  3.585300000e+02
1993 05 17 21 00 00  3.584330000e+02
1993 05 25 11 29 59  3.582640000e+02
1993 06 02 02 00 01  3.580260000e+02
1993 06 09 16 30 00  3.577250000e+02
1993 06 17 06 59 59  3.573730000e+02
1993 06 24 21 30 01  3.569820000e+02
1993 07 02 12 00 00  3.565660000e+02
1993 07 10 02 29 59  3.561200000e+02
1993 07 17 17 00 01  3.557000000e+02
1993 07 25 07 30 00  3.552980000e+02
1993 08 01 21 59 59  3.549310000e+02
1993 08 09 12 30 01  3.546220000e+02
1993 08 17 03 00 00  3.543810000e+02
1993 08 24 17 29 59  3.541970000e+02
1993 09 01 08 00 01  3.541610000e+02
1993 09 08 22 30 00  3.542320000e+02
1993 09 16 12 59 59  3.544050000e+02
1993 09 24 03 30 01  3.546620000e+02
1993 10 01 18 00 00  3.549830000e+02
1993 10 09 08 29 59  3.553400000e+02
1993 10 16 23 00 01  3.557080000e+02
1993 10 24 13 30 00  3.560760000e+02
1993 11 01 03 59 59  3.564060000e+02
1993 11 08 18 30 01  3.567070000e+02
1993 11 16 09 00 00  3.569620000e+02
1993 11 23 23 29 59  3.572210000e+02
1993 12 01 14 00 01  3.574490000e+02
1993 12 09 04 30 00  3.576630000e+02
1993 12 16 18 59 59  3.578760000e+02
1993 12 24 09 30 01  3.580710000e+02
1994 01 01 00 00 00  3.581710000e+02
1994 01 08 14 29 59  3.583400000e+02
1994 01 16 05 00 01  3.584690000e+02
1994 01 23 19 30 00  3.586140000e+02
1994 01 31 09 59 59  3.587820000e+02
1994 02 08 00 30 01  3.589020000e+02
1994 02 15 15 00 00  3.590120000e+02
1994 02 23 05 29 59  3.591170000e+02
1994 03 02 20 00 01  3.592110000e+02
1994 03 10 10 30 00  3.592720000e+02
1994 03 18 00 59 59  3.593550000e+02
1994 03 25 15 30 01  3.594420000e+02
1994 04 02 06 00 00  3.595330000e+02
1994 04 09 20 29 59  3.596290000e+02
1994 04 17 11 00 01  3.597230000e+02
1994 04 25 01 30 00  3.598010000e+02
1994 05 02 15 59 59  3.598520000e+02
1994 05 10 06 30 01  3.598570000e+02
1994 05 17 21 00 00  3.597980000e+02
1994 05 25 11 29 59  3.596650000e+02
1994 06 02 02 00 01  3.594570000e+02
1994 06 09 16 30 00  3.591800000e+02
1994 06 17 06 59 59  3.588450000e+02
1994 06 24 21 30 01  3.584660000e+02
1994 07 02 12 00 00  3.580600000e+02
1994 07 10 02 29 59  3.576430000e+02
1994 07 17 17 00 01  3.572810000e+02
1994 07 25 07 30 00  3.568860000e+02
1994 08 01 21 59 59  3.565250000e+02
1994 08 09 12 30 01  3.562090000e+02
1994 08 17 03 00 00  3.559430000e+02
1994 08 24 17 29 59  3.559100000e+02
1994 09 01 08 00 01  3.558040000e+02
1994 09 08 22 30 00  3.558210000e+02
1994 09 16 12 59 59  3.559420000e+02
1994 09 24 03 30 01  3.561670000e+02
1994 10 01 18 00 00  3.564780000e+02
1994 10 09 08 29 59  3.568530000e+02
1994 10 16 23 00 01  3.572690000e+02
1994 10 24 13 30 00  3.576730000e+02
1994 11 01 03 59 59  3.580300000e+02
1994 11 08 18 30 01  3.584400000e+02
1994 11 16 09 00 00  3.587280000e+02
1994 11 23 23 29 59  3.589740000e+02
1994 12 01 14 00 01  3.591880000e+02
1994 12 09 04 30 00  3.593790000e+02
1994 12 16 18 59 59  3.595550000e+02
1994 12 24 09 30 01  3.597050000e+02
1995 01 01 00 00 00  3.599390000e+02
1995 01 08 14 29 59  3.599810000e+02
1995 01 16 05 00 01  3.601020000e+02
1995 01 23 19 30 00  3.602640000e+02
1995 01 31 09 59 59  3.603850000e+02
1995 02 08 00 30 01  3.605010000e+02
1995 02 15 15 00 00  3.606110000e+02
1995 02 23 05 29 59  3.607170000e+02
1995 03 02 20 00 01  3.608190000e+02
1995 03 10 10 30 00  3.609190000e+02
1995 03 18 00 59 59  3.610960000e+02
1995 03 25 15 30 01  3.612140000e+02
1995 04 02 06 00 00  3.613300000e+02
1995 04 09 20 29 59  3.614820000e+02
1995 04 17 11 00 01  3.615860000e+02
1995 04 25 01 30 00  3.616420000e+02
1995 05 02 15 59 59  3.616530000e+02
1995 05 10 06 30 01  3.616200000e+02
1995 05 17 21 00 00  3.614860000e+02
1995 05 25 11 29 59  3.613600000e+02
1995 06 02 02 00 01  3.611820000e+02
1995 06 09 16 30 00  3.609470000e+02
1995 06 17 06 59 59  3.606590000e+02
1995 06 24 21 30 01  3.603050000e+02
1995 07 02 12 00 00  3.599010000e+02
1995 07 10 02 29 59  3.594390000e+02
1995 07 17 17 00 01  3.589780000e+02
1995 07 25 07 30 00  3.585340000e+02
1995 08 01 21 59 59  3.581440000e+02
1995 08 09 12 30 01  3.578360000e+02
1995 08 17 03 00 00  3.576380000e+02
1995 08 24 17 29 59  3.575580000e+02
1995 09 01 08 00 01  3.576010000e+02
1995 09 08 22 30 00  3.577540000e+02
1995 09 16 12 59 59  3.580060000e+02
1995 09 24 03 30 01  3.583180000e+02
1995 10 01 18 00 00  3.586740000e+02
1995 10 09 08 29 59  3.590510000e+02
1995 10 16 23 00 01  3.594300000e+02
1995 10 24 13 30 00  3.598030000e+02
1995 11 01 03 59 59  3.601590000e+02
1995 11 08 18 30 01  3.604910000e+02
1995 11 16 09 00 00  3.607920000e+02
1995 11 23 23 29 59  3.610630000e+02
1995 12 01 14 00 01  3.612990000e+02
1995 12 09 04 30 00  3.615010000e+02
1995 12 16 18 59 59  3.616750000e+02
1995 12 24 09 30 01  3.618240000e+02
1996 01 01 00 00 00  3.619120000e+02
1996 01 08 14 59 59  3.620330000e+02
1996 01 16 06 00 01  3.621550000e+02
1996 01 23 21 00 00  3.622590000e+02
1996 01 31 11 59 59  3.623460000e+02
1996 02 08 03 00 01  3.624140000e+02
1996 02 15 18 00 00  3.624980000e+02
1996 02 23 08 59 59  3.625810000e+02
1996 03 02 00 00 01  3.626620000e+02
1996 03 09 15 00 00  3.627430000e+02
1996 03 17 05 59 59  3.628190000e+02
1996 03 24 21 00 01  3.629010000e+02
1996 04 01 12 00 00  3.629750000e+02
1996 04 09 02 59 59  3.630860000e+02
1996 04 16 18 00 01  3.631510000e+02
1996 04 24 09 00 00  3.632100000e+02
1996 05 01 23 59 59  3.632630000e+02
1996 05 09 15 00 01  3.633090000e+02
1996 05 17 06 00 00  3.633220000e+02
1996 05 24 20 59 59  3.632800000e+02
1996 06 01 12 00 01  3.632210000e+02
1996 06 09 03 00 00  3.631070000e+02
1996 06 16 17 59 59  3.629280000e+02
1996 06 24 09 00 01  3.626980000e+02
1996 07 02 00 00 00  3.623850000e+02
1996 07 09 14 59 59  3.619940000e+02
1996 07 17 06 00 01  3.615830000e+02
1996 07 24 21 00 00  3.611570000e+02
1996 08 01 11 59 59  3.607350000e+02
1996 08 09 03 00 01  3.603430000e+02
1996 08 16 18 00 00  3.600060000e+02
1996 08 24 08 59 59  3.597510000e+02
1996 09 01 00 00 01  3.595890000e+02
1996 09 08 15 00 00  3.595510000e+02
1996 09 16 05 59 59  3.596280000e+02
1996 09 23 21 00 01  3.598090000e+02
1996 10 01 12 00 00  3.600640000e+02
1996 10 09 02 59 59  3.603780000e+02
1996 10 16 18 00 01  3.606530000e+02
1996 10 24 09 00 00  3.609750000e+02
1996 10 31 23 59 59  3.612640000e+02
1996 11 08 15 00 01  3.615440000e+02
1996 11 16 06 00 00  3.617970000e+02
1996 11 23 20 59 59  3.620270000e+02
1996 12 01 12 00 01  3.622430000e+02
1996 12 09 03 00 00  3.624480000e+02
1996 12 16 17 59 59  3.626370000e+02
1996 12 24 09 00 01  3.628250000e+02
1997 01 01 00 00 00  3.630060000e+02
1997 01 08 14 29 59  3.631580000e+02
1997 01 16 05 00 01  3.632810000e+02
1997 01 23 19 30 00  3.634150000e+02
1997 01 31 09 59 59  3.635000000e+02
1997 02 08 00 30 01  3.635710000e+02
1997 02 15 15 00 00  3.636430000e+02
1997 02 23 05 29 59  3.637230000e+02
1997 03 02 20 00 01  3.638140000e+02
1997 03 10 10 30 00  3.639200000e+02
1997 03 18 00 59 59  3.640060000e+02
1997 03 25 15 30 01  3.641460000e+02
1997 04 02 06 00 00  3.642890000e+02
1997 04 09 20 29 59  3.644120000e+02
1997 04 17 11 00 01  3.645360000e+02
1997 04 25 01 30 00  3.646100000e+02
1997 05 02 15 59 59  3.646400000e+02
1997 05 10 06 30 01  3.646220000e+02
1997 05 17 21 00 00  3.645650000e+02
1997 05 25 11 29 59  3.644280000e+02
1997 06 02 02 00 01  3.641920000e+02
1997 06 09 16 30 00  3.639420000e+02
1997 06 17 06 59 59  3.636430000e+02
1997 06 24 21 30 01  3.632750000e+02
1997 07 02 12 00 00  3.628560000e+02
1997 07 10 02 29 59  3.624140000e+02
1997 07 17 17 00 01  3.619170000e+02
1997 07 25 07 30 00  3.614480000e+02
1997 08 01 21 59 59  3.610070000e+02
1997 08 09 12 30 01  3.606230000e+02
1997 08 17 03 00 00  3.603250000e+02
1997 08 24 17 29 59  3.601370000e+02
1997 09 01 08 00 01  3.600720000e+02
1997 09 08 22 30 00  3.601390000e+02
1997 09 16 12 59 59  3.603290000e+02
1997 09 24 03 30 01  3.606280000e+02
1997 10 01 18 00 00  3.610100000e+02
1997 10 09 08 29 59  3.614470000e+02
1997 10 16 23 00 01  3.619580000e+02
1997 10 24 13 30 00  3.624130000e+02
1997 11 01 03 59 59  3.628780000e+02
1997 11 08 18 30 01  3.632840000e+02
1997 11 16 09 00 00  3.636370000e+02
1997 11 23 23 29 59  3.639560000e+02
1997 12 01 14 00 01  3.642400000e+02
1997 12 09 04 30 00  3.644910000e+02
1997 12 16 18 59 59  3.647040000e+02
1997 12 24 09 30 01  3.648900000e+02
1998 01 01 00 00 00  3.650490000e+02
1998 01 08 14 29 59  3.651170000e+02
1998 01 16 05 00 01  3.651960000e+02
1998 01 23 19 30 00  3.652570000e+02
1998 01 31 09 59 59  3.653130000e+02
1998 02 08 00 30 01  3.653740000e+02
1998 02 15 15 00 00  3.654500000e+02
1998 02 23 05 29 59  3.655450000e+02
1998 03 02 20 00 01  3.656590000e+02
1998 03 10 10 30 00  3.657890000e+02
1998 03 18 00 59 59  3.659300000e+02
1998 03 25 15 30 01  3.660770000e+02
1998 04 02 06 00 00  3.662240000e+02
1998 04 09 20 29 59  3.664050000e+02
1998 04 17 11 00 01  3.666470000e+02
1998 04 25 01 30 00  3.667460000e+02
1998 05 02 15 59 59  3.668340000e+02
1998 05 10 06 30 01  3.668920000e+02
1998 05 17 21 00 00  3.668920000e+02
1998 05 25 11 29 59  3.668570000e+02
1998 06 02 02 00 01  3.667610000e+02
1998 06 09 16 30 00  3.665810000e+02
1998 06 17 06 59 59  3.663200000e+02
1998 06 24 21 30 01  3.659840000e+02
1998 07 02 12 00 00  3.655920000e+02
1998 07 10 02 29 59  3.651670000e+02
1998 07 17 17 00 01  3.648010000e+02
1998 07 25 07 30 00  3.645000000e+02
1998 08 01 21 59 59  3.641610000e+02
1998 08 09 12 30 01  3.638890000e+02
1998 08 17 03 00 00  3.637230000e+02
1998 08 24 17 29 59  3.636460000e+02
1998 09 01 08 00 01  3.636750000e+02
1998 09 08 22 30 00  3.637700000e+02
1998 09 16 12 59 59  3.639780000e+02
1998 09 24 03 30 01  3.642610000e+02
1998 10 01 18 00 00  3.645980000e+02
1998 10 09 08 29 59  3.649690000e+02
1998 10 16 23 00 01  3.653500000e+02
1998 10 24 13 30 00  3.657200000e+02
1998 11 01 03 59 59  3.660610000e+02
1998 11 08 18 30 01  3.663620000e+02
1998 11 16 09 00 00  3.666300000e+02
1998 11 23 23 29 59  3.668520000e+02
1998 12 01 14 00 01  3.670710000e+02
1998 12 09 04 30 00  3.672780000e+02
1998 12 16 18 59 59  3.674790000e+02
1998 12 24 09 30 01  3.676720000e+02
1999 01 01 00 00 00  3.678180000e+02
1999 01 08 14 29 59  3.679870000e+02
1999 01 16 05 00 01  3.681370000e+02
1999 01 23 19 30 00  3.682630000e+02
1999 01 31 09 59 59  3.683680000e+02
1999 02 08 00 30 01  3.684490000e+02
1999 02 15 15 00 00  3.685200000e+02
1999 02 23 05 29 59  3.685960000e+02
1999 03 02 20 00 01  3.686850000e+02
1999 03 10 10 30 00  3.687910000e+02
1999 03 18 00 59 59  3.689110000e+02
1999 03 25 15 30 01  3.690370000e+02
1999 04 02 06 00 00  3.691560000e+02
1999 04 09 20 29 59  3.692560000e+02
1999 04 17 11 00 01  3.693260000e+02
1999 04 25 01 30 00  3.693630000e+02
1999 05 02 15 59 59  3.693620000e+02
1999 05 10 06 30 01  3.693190000e+02
1999 05 17 21 00 00  3.692400000e+02
1999 05 25 11 29 59  3.691230000e+02
1999 06 02 02 00 01  3.689480000e+02
1999 06 09 16 30 00  3.687130000e+02
1999 06 17 06 59 59  3.684120000e+02
1999 06 24 21 30 01  3.680450000e+02
1999 07 02 12 00 00  3.676150000e+02
1999 07 10 02 29 59  3.671480000e+02
1999 07 17 17 00 01  3.666710000e+02
1999 07 25 07 30 00  3.662200000e+02
1999 08 01 21 59 59  3.658130000e+02
1999 08 09 12 30 01  3.654820000e+02
1999 08 17 03 00 00  3.652440000e+02
1999 08 24 17 29 59  3.651140000e+02
1999 09 01 08 00 01  3.650950000e+02
1999 09 08 22 30 00  3.651880000e+02
1999 09 16 12 59 59  3.653800000e+02
1999 09 24 03 30 01  3.656560000e+02
1999 10 01 18 00 00  3.659930000e+02
1999 10 09 08 29 59  3.663700000e+02
1999 10 16 23 00 01  3.667580000e+02
1999 10 24 13 30 00  3.671350000e+02
1999 11 01 03 59 59  3.674880000e+02
1999 11 08 18 30 01  3.678070000e+02
1999 11 16 09 00 00  3.680900000e+02
1999 11 23 23 29 59  3.682980000e+02
1999 12 01 14 00 01  3.685180000e+02
1999 12 09 04 30 00  3.687210000e+02
1999 12 16 18 59 59  3.688840000e+02
1999 12 24 09 30 01  3.690710000e+02
2000 01 01 00 00 00  3.691730000e+02
2000 01 08 14 59 59  3.693030000e+02
2000 01 16 06 00 01  3.694050000e+02
2000 01 23 21 00 00  3.694840000e+02
2000 01 31 11 59 59  3.695430000e+02
2000 02 08 03 00 01  3.695940000e+02
2000 02 15 18 00 00  3.696480000e+02
2000 02 23 08 59 59  3.696950000e+02
2000 03 02 00 00 01  3.697850000e+02
2000 03 09 15 00 00  3.698700000e+02
2000 03 17 05 59 59  3.699720000e+02
2000 03 24 21 00 01  3.700750000e+02
2000 04 01 12 00 00  3.701890000e+02
2000 04 09 02 59 59  3.702930000e+02
2000 04 16 18 00 01  3.703760000e+02
2000 04 24 09 00 00  3.704290000e+02
2000 05 01 23 59 59  3.704400000e+02
2000 05 09 15 00 01  3.704030000e+02
2000 05 17 06 00 00  3.702810000e+02
2000 05 24 20 59 59  3.701220000e+02
2000 06 01 12 00 01  3.699140000e+02
2000 06 09 03 00 00  3.696500000e+02
2000 06 16 17 59 59  3.693420000e+02
2000 06 24 09 00 01  3.689870000e+02
2000 07 02 00 00 00  3.686300000e+02
2000 07 09 14 59 59  3.682600000e+02
2000 07 17 06 00 01  3.679000000e+02
2000 07 24 21 00 00  3.675400000e+02
2000 08 01 11 59 59  3.672130000e+02
2000 08 09 03 00 01  3.669240000e+02
2000 08 16 18 00 00  3.666920000e+02
2000 08 24 08 59 59  3.665360000e+02
2000 09 01 00 00 01  3.664670000e+02
2000 09 08 15 00 00  3.664980000e+02
2000 09 16 05 59 59  3.666310000e+02
2000 09 23 21 00 01  3.668570000e+02
2000 10 01 12 00 00  3.671620000e+02
2000 10 09 02 59 59  3.675210000e+02
2000 10 16 18 00 01  3.679070000e+02
2000 10 24 09 00 00  3.682970000e+02
2000 10 31 23 59 59  3.686740000e+02
2000 11 08 15 00 01  3.690120000e+02
2000 11 16 06 00 00  3.693090000e+02
2000 11 23 20 59 59  3.695640000e+02
2000 12 01 12 00 01  3.697770000e+02
2000 12 09 03 00 00  3.699560000e+02
2000 12 16 17 59 59  3.701060000e+02
2000 12 24 09 00 01  3.702380000e+02
2001 01 01 00 00 00  3.704380000e+02
2001 01 08 14 29 59  3.705560000e+02
2001 01 16 05 00 01  3.706780000e+02
2001 01 23 19 30 00  3.708020000e+02
2001 01 31 09 59 59  3.709300000e+02
2001 02 08 00 30 01  3.710600000e+02
2001 02 15 15 00 00  3.711860000e+02
2001 02 23 05 29 59  3.712890000e+02
2001 03 02 20 00 01  3.713980000e+02
2001 03 10 10 30 00  3.714980000e+02
2001 03 18 00 59 59  3.715930000e+02
2001 03 25 15 30 01  3.716850000e+02
2001 04 02 06 00 00  3.717740000e+02
2001 04 09 20 29 59  3.718560000e+02
2001 04 17 11 00 01  3.719220000e+02
2001 04 25 01 30 00  3.719620000e+02
2001 05 02 15 59 59  3.719630000e+02
2001 05 10 06 30 01  3.719140000e+02
2001 05 17 21 00 00  3.718750000e+02
2001 05 25 11 29 59  3.716970000e+02
2001 06 02 02 00 01  3.714650000e+02
2001 06 09 16 30 00  3.711860000e+02
2001 06 17 06 59 59  3.708690000e+02
2001 06 24 21 30 01  3.705280000e+02
2001 07 02 12 00 00  3.701710000e+02
2001 07 10 02 29 59  3.698080000e+02
2001 07 17 17 00 01  3.694460000e+02
2001 07 25 07 30 00  3.690970000e+02
2001 08 01 21 59 59  3.687730000e+02
2001 08 09 12 30 01  3.684890000e+02
2001 08 17 03 00 00  3.682640000e+02
2001 08 24 17 29 59  3.681150000e+02
2001 09 01 08 00 01  3.680610000e+02
2001 09 08 22 30 00  3.681120000e+02
2001 09 16 12 59 59  3.682770000e+02
2001 09 24 03 30 01  3.685680000e+02
2001 10 01 18 00 00  3.689270000e+02
2001 10 09 08 29 59  3.693260000e+02
2001 10 16 23 00 01  3.697240000e+02
2001 10 24 13 30 00  3.701090000e+02
2001 11 01 03 59 59  3.704640000e+02
2001 11 08 18 30 01  3.707830000e+02
2001 11 16 09 00 00  3.710660000e+02
2001 11 23 23 29 59  3.713210000e+02
2001 12 01 14 00 01  3.715550000e+02
2001 12 09 04 30 00  3.717740000e+02
2001 12 16 18 59 59  3.719770000e+02
2001 12 24 09 30 01  3.721940000e+02
2002 01 01 00 00 00  3.722620000e+02
2002 01 08 14 29 59  3.724040000e+02
2002 01 16 05 00 01  3.725240000e+02
2002 01 23 19 30 00  3.726230000e+02
2002 01 31 09 59 59  3.727120000e+02
2002 02 08 00 30 01  3.728020000e+02
2002 02 15 15 00 00  3.728990000e+02
2002 02 23 05 29 59  3.730070000e+02
2002 03 02 20 00 01  3.731220000e+02
2002 03 10 10 30 00  3.732390000e+02
2002 03 18 00 59 59  3.734050000e+02
2002 03 25 15 30 01  3.735030000e+02
2002 04 02 06 00 00  3.736010000e+02
2002 04 09 20 29 59  3.736960000e+02
2002 04 17 11 00 01  3.737400000e+02
2002 04 25 01 30 00  3.737400000e+02
2002 05 02 15 59 59  3.738380000e+02
2002 05 10 06 30 01  3.738180000e+02
2002 05 17 21 00 00  3.737480000e+02
2002 05 25 11 29 59  3.736190000e+02
2002 06 02 02 00 01  3.734270000e+02
2002 06 09 16 30 00  3.731730000e+02
2002 06 17 06 59 59  3.728650000e+02
2002 06 24 21 30 01  3.725200000e+02
2002 07 02 12 00 00  3.721560000e+02
2002 07 10 02 29 59  3.718000000e+02
2002 07 17 17 00 01  3.713860000e+02
2002 07 25 07 30 00  3.710280000e+02
2002 08 01 21 59 59  3.707140000e+02
2002 08 09 12 30 01  3.704630000e+02
2002 08 17 03 00 00  3.702910000e+02
2002 08 24 17 29 59  3.702260000e+02
2002 09 01 08 00 01  3.702620000e+02
2002 09 08 22 30 00  3.703990000e+02
2002 09 16 12 59 59  3.706760000e+02
2002 09 24 03 30 01  3.709320000e+02
2002 10 01 18 00 00  3.712530000e+02
2002 10 09 08 29 59  3.715990000e+02
2002 10 16 23 00 01  3.719540000e+02
2002 10 24 13 30 00  3.723260000e+02
2002 11 01 03 59 59  3.726740000e+02
2002 11 08 18 30 01  3.730030000e+02
2002 11 16 09 00 00  3.733100000e+02
2002 11 23 23 29 59  3.735900000e+02
2002 12 01 14 00 01  3.738410000e+02
2002 12 09 04 30 00  3.740730000e+02
2002 12 16 18 59 59  3.742780000e+02
2002 12 24 09 30 01  3.744630000e+02
2003 01 01 00 00 00  3.746340000e+02
2003 01 08 14 29 59  3.747970000e+02
2003 01 16 05 00 01  3.749490000e+02
2003 01 23 19 30 00  3.750930000e+02
2003 01 31 09 59 59  3.752290000e+02
2003 02 08 00 30 01  3.753580000e+02
2003 02 15 15 00 00  3.754790000e+02
2003 02 23 05 29 59  3.755920000e+02
2003 03 02 20 00 01  3.757000000e+02
2003 03 10 10 30 00  3.758060000e+02
2003 03 18 00 59 59  3.759160000e+02
2003 03 25 15 30 01  3.760330000e+02
2003 04 02 06 00 00  3.761590000e+02
2003 04 09 20 29 59  3.762900000e+02
2003 04 17 11 00 01  3.764170000e+02
2003 04 25 01 30 00  3.765280000e+02
2003 05 02 15 59 59  3.766050000e+02
2003 05 10 06 30 01  3.766320000e+02
2003 05 17 21 00 00  3.765980000e+02
2003 05 25 11 29 59  3.764950000e+02
2003 06 02 02 00 01  3.763160000e+02
2003 06 09 16 30 00  3.760670000e+02
2003 06 17 06 59 59  3.757570000e+02
2003 06 24 21 30 01  3.753960000e+02
2003 07 02 12 00 00  3.749990000e+02
2003 07 10 02 29 59  3.745820000e+02
2003 07 17 17 00 01  3.741580000e+02
2003 07 25 07 30 00  3.737480000e+02
2003 08 01 21 59 59  3.733790000e+02
2003 08 09 12 30 01  3.730770000e+02
2003 08 17 03 00 00  3.728610000e+02
2003 08 24 17 29 59  3.727450000e+02
2003 09 01 08 00 01  3.727410000e+02
2003 09 08 22 30 00  3.728490000e+02
2003 09 16 12 59 59  3.730540000e+02
2003 09 24 03 30 01  3.733330000e+02
2003 10 01 18 00 00  3.736580000e+02
2003 10 09 08 29 59  3.740190000e+02
2003 10 16 23 00 01  3.743910000e+02
2003 10 24 13 30 00  3.747570000e+02
2003 11 01 03 59 59  3.751030000e+02
2003 11 08 18 30 01  3.754180000e+02
2003 11 16 09 00 00  3.756990000e+02
2003 11 23 23 29 59  3.759450000e+02
2003 12 01 14 00 01  3.761610000e+02
2003 12 09 04 30 00  3.763530000e+02
2003 12 16 18 59 59  3.765290000e+02
2003 12 24 09 30 01  3.766960000e+02
2004 01 01 00 00 00  3.769290000e+02
2004 01 08 14 59 59  3.770720000e+02
2004 01 16 06 00 01  3.772110000e+02
2004 01 23 21 00 00  3.773480000e+02
2004 01 31 11 59 59  3.774820000e+02
2004 02 08 03 00 01  3.776100000e+02
2004 02 15 18 00 00  3.777340000e+02
2004 02 23 08 59 59  3.778510000e+02
2004 03 02 00 00 01  3.779600000e+02
2004 03 09 15 00 00  3.780640000e+02
2004 03 17 05 59 59  3.781620000e+02
2004 03 24 21 00 01  3.782540000e+02
2004 04 01 12 00 00  3.783360000e+02
2004 04 09 02 59 59  3.784340000e+02
2004 04 16 18 00 01  3.784940000e+02
2004 04 24 09 00 00  3.785330000e+02
2004 05 01 23 59 59  3.785440000e+02
2004 05 09 15 00 01  3.785170000e+02
2004 05 17 06 00 00  3.784380000e+02
2004 05 24 20 59 59  3.783050000e+02
2004 06 01 12 00 01  3.781120000e+02
2004 06 09 03 00 00  3.778580000e+02
2004 06 16 17 59 59  3.775250000e+02
2004 06 24 09 00 01  3.771910000e+02
2004 07 02 00 00 00  3.768140000e+02
2004 07 09 14 59 59  3.763980000e+02
2004 07 17 06 00 01  3.759590000e+02
2004 07 24 21 00 00  3.755170000e+02
2004 08 01 11 59 59  3.750950000e+02
2004 08 09 03 00 01  3.747180000e+02
2004 08 16 18 00 00  3.744150000e+02
2004 08 24 08 59 59  3.742130000e+02
2004 09 01 00 00 01  3.741240000e+02
2004 09 08 15 00 00  3.741570000e+02
2004 09 16 05 59 59  3.743090000e+02
2004 09 23 21 00 01  3.745680000e+02
2004 10 01 12 00 00  3.749100000e+02
2004 10 09 02 59 59  3.753040000e+02
2004 10 16 18 00 01  3.757240000e+02
2004 10 24 09 00 00  3.761440000e+02
2004 10 31 23 59 59  3.765480000e+02
2004 11 08 15 00 01  3.769110000e+02
2004 11 16 06 00 00  3.772320000e+02
2004 11 23 20 59 59  3.775080000e+02
2004 12 01 12 00 01  3.777470000e+02
2004 12 09 03 00 00  3.780200000e+02
2004 12 16 17 59 59  3.781950000e+02
2004 12 24 09 00 01  3.783500000e+02
2005 01 01 00 00 00  3.784650000e+02
2005 01 08 14 29 59  3.785970000e+02
2005 01 16 05 00 01  3.787270000e+02
2005 01 23 19 30 00  3.788580000e+02
2005 01 31 09 59 59  3.789920000e+02
2005 02 08 00 30 01  3.791130000e+02
2005 02 15 15 00 00  3.792610000e+02
2005 02 23 05 29 59  3.794160000e+02
2005 03 02 20 00 01  3.795730000e+02
2005 03 10 10 30 00  3.797270000e+02
2005 03 18 00 59 59  3.798750000e+02
2005 03 25 15 30 01  3.800120000e+02
2005 04 02 06 00 00  3.801350000e+02
2005 04 09 20 29 59  3.802460000e+02
2005 04 17 11 00 01  3.803360000e+02
2005 04 25 01 30 00  3.804110000e+02
2005 05 02 15 59 59  3.804630000e+02
2005 05 10 06 30 01  3.805020000e+02
2005 05 17 21 00 00  3.804690000e+02
2005 05 25 11 29 59  3.803810000e+02
2005 06 02 02 00 01  3.802210000e+02
2005 06 09 16 30 00  3.799790000e+02
2005 06 17 06 59 59  3.796570000e+02
2005 06 24 21 30 01  3.792630000e+02
2005 07 02 12 00 00  3.788130000e+02
2005 07 10 02 29 59  3.783330000e+02
2005 07 17 17 00 01  3.778540000e+02
2005 07 25 07 30 00  3.775730000e+02
2005 08 01 21 59 59  3.772090000e+02
2005 08 09 12 30 01  3.768900000e+02
2005 08 17 03 00 00  3.766600000e+02
2005 08 24 17 29 59  3.765180000e+02
2005 09 01 08 00 01  3.764760000e+02
2005 09 08 22 30 00  3.765370000e+02
2005 09 16 12 59 59  3.766960000e+02
2005 09 24 03 30 01  3.769450000e+02
2005 10 01 18 00 00  3.772700000e+02
2005 10 09 08 29 59  3.776520000e+02
2005 10 16 23 00 01  3.780640000e+02
2005 10 24 13 30 00  3.784840000e+02
2005 11 01 03 59 59  3.788890000e+02
2005 11 08 18 30 01  3.792640000e+02
2005 11 16 09 00 00  3.795440000e+02
2005 11 23 23 29 59  3.798260000e+02
2005 12 01 14 00 01  3.800780000e+02
2005 12 09 04 30 00  3.803100000e+02
2005 12 16 18 59 59  3.805310000e+02
2005 12 24 09 30 01  3.807480000e+02
2006 01 01 00 00 00  3.809560000e+02
2006 01 08 14 29 59  3.811500000e+02
2006 01 16 05 00 01  3.813410000e+02
2006 01 23 19 30 00  3.815170000e+02
2006 01 31 09 59 59  3.816730000e+02
2006 02 08 00 30 01  3.818400000e+02
2006 02 15 15 00 00  3.819680000e+02
2006 02 23 05 29 59  3.820820000e+02
2006 03 02 20 00 01  3.821720000e+02
2006 03 10 10 30 00  3.822540000e+02
2006 03 18 00 59 59  3.823360000e+02
2006 03 25 15 30 01  3.824230000e+02
2006 04 02 06 00 00  3.825140000e+02
2006 04 09 20 29 59  3.826060000e+02
2006 04 17 11 00 01  3.826900000e+02
2006 04 25 01 30 00  3.827530000e+02
2006 05 02 15 59 59  3.827830000e+02
2006 05 10 06 30 01  3.827700000e+02
2006 05 17 21 00 00  3.827010000e+02
2006 05 25 11 29 59  3.825040000e+02
2006 06 02 02 00 01  3.823310000e+02
2006 06 09 16 30 00  3.820960000e+02
2006 06 17 06 59 59  3.818090000e+02
2006 06 24 21 30 01  3.814490000e+02
2006 07 02 12 00 00  3.810360000e+02
2006 07 10 02 29 59  3.805710000e+02
2006 07 17 17 00 01  3.800710000e+02
2006 07 25 07 30 00  3.795660000e+02
2006 08 01 21 59 59  3.790920000e+02
2006 08 09 12 30 01  3.786850000e+02
2006 08 17 03 00 00  3.783840000e+02
2006 08 24 17 29 59  3.782190000e+02
2006 09 01 08 00 01  3.781970000e+02
2006 09 08 22 30 00  3.783130000e+02
2006 09 16 12 59 59  3.785650000e+02
2006 09 24 03 30 01  3.788940000e+02
2006 10 01 18 00 00  3.792780000e+02
2006 10 09 08 29 59  3.796860000e+02
2006 10 16 23 00 01  3.800920000e+02
2006 10 24 13 30 00  3.804780000e+02
2006 11 01 03 59 59  3.808390000e+02
2006 11 08 18 30 01  3.811610000e+02
2006 11 16 09 00 00  3.814540000e+02
2006 11 23 23 29 59  3.817220000e+02
2006 12 01 14 00 01  3.819680000e+02
2006 12 09 04 30 00  3.821980000e+02
2006 12 16 18 59 59  3.824120000e+02
2006 12 24 09 30 01  3.826080000e+02
2007 01 01 00 00 00  3.827310000e+02
2007 01 08 14 29 59  3.828940000e+02
2007 01 16 05 00 01  3.830410000e+02
2007 01 23 19 30 00  3.831750000e+02
2007 01 31 09 59 59  3.833010000e+02
2007 02 08 00 30 01  3.834240000e+02
2007 02 15 15 00 00  3.835480000e+02
2007 02 23 05 29 59  3.836680000e+02
2007 03 02 20 00 01  3.837940000e+02
2007 03 10 10 30 00  3.839170000e+02
2007 03 18 00 59 59  3.840310000e+02
2007 03 25 15 30 01  3.841310000e+02
2007 04 02 06 00 00  3.842110000e+02
2007 04 09 20 29 59  3.842670000e+02
2007 04 17 11 00 01  3.842980000e+02
2007 04 25 01 30 00  3.843060000e+02
2007 05 02 15 59 59  3.842870000e+02
2007 05 10 06 30 01  3.842410000e+02
2007 05 17 21 00 00  3.841550000e+02
2007 05 25 11 29 59  3.840380000e+02
2007 06 02 02 00 01  3.838650000e+02
2007 06 09 16 30 00  3.836260000e+02
2007 06 17 06 59 59  3.833150000e+02
2007 06 24 21 30 01  3.829350000e+02
2007 07 02 12 00 00  3.824950000e+02
2007 07 10 02 29 59  3.820160000e+02
2007 07 17 17 00 01  3.815330000e+02
2007 07 25 07 30 00  3.810770000e+02
2007 08 01 21 59 59  3.806850000e+02
2007 08 09 12 30 01  3.803890000e+02
2007 08 17 03 00 00  3.802040000e+02
2007 08 24 17 29 59  3.801410000e+02
2007 09 01 08 00 01  3.802000000e+02
2007 09 08 22 30 00  3.803780000e+02
2007 09 16 12 59 59  3.806360000e+02
2007 09 24 03 30 01  3.809600000e+02
2007 10 01 18 00 00  3.813290000e+02
2007 10 09 08 29 59  3.817190000e+02
2007 10 16 23 00 01  3.821110000e+02
2007 10 24 13 30 00  3.824890000e+02
2007 11 01 03 59 59  3.828440000e+02
2007 11 08 18 30 01  3.831740000e+02
2007 11 16 09 00 00  3.834700000e+02
2007 11 23 23 29 59  3.837440000e+02
2007 12 01 14 00 01  3.840090000e+02
2007 12 09 04 30 00  3.842430000e+02
2007 12 16 18 59 59  3.844760000e+02
2007 12 24 09 30 01  3.846990000e+02
2008 01 01 00 00 00  3.848610000e+02
2008 01 08 14 59 59  3.850580000e+02
2008 01 16 06 00 01  3.852370000e+02
2008 01 23 21 00 00  3.854040000e+02
2008 01 31 11 59 59  3.855410000e+02
2008 02 08 03 00 01  3.856590000e+02
2008 02 15 18 00 00  3.857500000e+02
2008 02 23 08 59 59  3.858260000e+02
2008 03 02 00 00 01  3.859260000e+02
2008 03 09 15 00 00  3.860310000e+02
2008 03 17 05 59 59  3.861500000e+02
2008 03 24 21 00 01  3.862630000e+02
2008 04 01 12 00 00  3.863720000e+02
2008 04 09 02 59 59  3.864700000e+02
2008 04 16 18 00 01  3.865490000e+02
2008 04 24 09 00 00  3.866010000e+02
2008 05 01 23 59 59  3.866420000e+02
2008 05 09 15 00 01  3.866190000e+02
2008 05 17 06 00 00  3.865160000e+02
2008 05 24 20 59 59  3.863800000e+02
2008 06 01 12 00 01  3.861700000e+02
2008 06 09 03 00 00  3.859070000e+02
2008 06 16 17 59 59  3.856010000e+02
2008 06 24 09 00 01  3.852540000e+02
2008 07 02 00 00 00  3.848730000e+02
2008 07 09 14 59 59  3.844820000e+02
2008 07 17 06 00 01  3.840900000e+02
2008 07 24 21 00 00  3.837150000e+02
2008 08 01 11 59 59  3.833130000e+02
2008 08 09 03 00 01  3.829810000e+02
2008 08 16 18 00 00  3.827170000e+02
2008 08 24 08 59 59  3.825240000e+02
2008 09 01 00 00 01  3.824130000e+02
2008 09 08 15 00 00  3.823960000e+02
2008 09 16 05 59 59  3.824770000e+02
2008 09 23 21 00 01  3.826540000e+02
2008 10 01 12 00 00  3.829230000e+02
2008 10 09 02 59 59  3.832660000e+02
2008 10 16 18 00 01  3.836510000e+02
2008 10 24 09 00 00  3.840580000e+02
2008 10 31 23 59 59  3.844640000e+02
2008 11 08 15 00 01  3.848500000e+02
2008 11 16 06 00 00  3.852050000e+02
2008 11 23 20 59 59  3.855230000e+02
2008 12 01 12 00 01  3.858050000e+02
2008 12 09 03 00 00  3.860550000e+02
2008 12 16 17 59 59  3.862840000e+02
2008 12 24 09 00 01  3.864970000e+02
2009 01 01 00 00 00  3.866950000e+02
2009 01 08 14 29 59  3.868750000e+02
2009 01 16 05 00 01  3.870390000e+02
2009 01 23 19 30 00  3.871850000e+02
2009 01 31 09 59 59  3.873110000e+02
2009 02 08 00 30 01  3.874160000e+02
2009 02 15 15 00 00  3.874930000e+02
2009 02 23 05 29 59  3.875660000e+02
2009 03 02 20 00 01  3.875920000e+02
2009 03 10 10 30 00  3.876460000e+02
2009 03 18 00 59 59  3.877070000e+02
2009 03 25 15 30 01  3.877780000e+02
2009 04 02 06 00 00  3.878550000e+02
2009 04 09 20 29 59  3.879320000e+02
2009 04 17 11 00 01  3.880010000e+02
2009 04 25 01 30 00  3.880500000e+02
2009 05 02 15 59 59  3.880660000e+02
2009 05 10 06 30 01  3.880650000e+02
2009 05 17 21 00 00  3.879940000e+02
2009 05 25 11 29 59  3.878770000e+02
2009 06 02 02 00 01  3.876680000e+02
2009 06 09 16 30 00  3.873850000e+02
2009 06 17 06 59 59  3.870310000e+02
2009 06 24 21 30 01  3.865570000e+02
2009 07 02 12 00 00  3.860390000e+02
2009 07 10 02 29 59  3.855030000e+02
2009 07 17 17 00 01  3.849800000e+02
2009 07 25 07 30 00  3.844970000e+02
2009 08 01 21 59 59  3.840830000e+02
2009 08 09 12 30 01  3.837620000e+02
2009 08 17 03 00 00  3.835490000e+02
2009 08 24 17 29 59  3.834200000e+02
2009 09 01 08 00 01  3.834500000e+02
2009 09 08 22 30 00  3.836140000e+02
2009 09 16 12 59 59  3.838690000e+02
2009 09 24 03 30 01  3.842120000e+02
2009 10 01 18 00 00  3.846210000e+02
2009 10 09 08 29 59  3.850630000e+02
2009 10 16 23 00 01  3.855090000e+02
2009 10 24 13 30 00  3.859370000e+02
2009 11 01 03 59 59  3.863280000e+02
2009 11 08 18 30 01  3.866860000e+02
2009 11 16 09 00 00  3.869770000e+02
2009 11 23 23 29 59  3.872220000e+02
2009 12 01 14 00 01  3.874430000e+02
2009 12 09 04 30 00  3.876390000e+02
2009 12 16 18 59 59  3.878330000e+02
2009 12 24 09 30 01  3.880360000e+02
2010 01 01 00 00 00  3.882290000e+02
2010 01 08 14 29 59  3.883850000e+02
2010 01 16 05 00 01  3.886140000e+02
2010 01 23 19 30 00  3.888420000e+02
2010 01 31 09 59 59  3.890430000e+02
2010 02 08 00 30 01  3.892170000e+02
2010 02 15 15 00 00  3.893550000e+02
2010 02 23 05 29 59  3.894690000e+02
2010 03 02 20 00 01  3.895540000e+02
2010 03 10 10 30 00  3.896210000e+02
2010 03 18 00 59 59  3.896800000e+02
2010 03 25 15 30 01  3.897390000e+02
2010 04 02 06 00 00  3.898130000e+02
2010 04 09 20 29 59  3.899180000e+02
2010 04 17 11 00 01  3.899950000e+02
2010 04 25 01 30 00  3.900570000e+02
2010 05 02 15 59 59  3.900850000e+02
2010 05 10 06 30 01  3.900700000e+02
2010 05 17 21 00 00  3.899990000e+02
2010 05 25 11 29 59  3.898660000e+02
2010 06 02 02 00 01  3.896640000e+02
2010 06 09 16 30 00  3.893910000e+02
2010 06 17 06 59 59  3.890520000e+02
2010 06 24 21 30 01  3.886570000e+02
2010 07 02 12 00 00  3.882330000e+02
2010 07 10 02 29 59  3.877750000e+02
2010 07 17 17 00 01  3.873250000e+02
2010 07 25 07 30 00  3.869120000e+02
2010 08 01 21 59 59  3.865620000e+02
2010 08 09 12 30 01  3.863020000e+02
2010 08 17 03 00 00  3.861470000e+02
2010 08 24 17 29 59  3.861060000e+02
2010 09 01 08 00 01  3.861850000e+02
2010 09 08 22 30 00  3.863700000e+02
2010 09 16 12 59 59  3.866510000e+02
2010 09 24 03 30 01  3.870020000e+02
2010 10 01 18 00 00  3.874010000e+02
2010 10 09 08 29 59  3.878290000e+02
2010 10 16 23 00 01  3.882560000e+02
2010 10 24 13 30 00  3.886850000e+02
2010 11 01 03 59 59  3.890560000e+02
2010 11 08 18 30 01  3.893800000e+02
2010 11 16 09 00 00  3.896560000e+02
2010 11 23 23 29 59  3.898860000e+02
2010 12 01 14 00 01  3.900470000e+02
2010 12 09 04 30 00  3.902140000e+02
2010 12 16 18 59 59  3.903700000e+02
2010 12 24 09 30 01  3.905190000e+02
2011 01 01 00 00 00  3.906610000e+02
2011 01 08 14 29 59  3.907990000e+02
2011 01 16 05 00 01  3.909310000e+02
2011 01 23 19 30 00  3.910550000e+02
2011 01 31 09 59 59  3.911770000e+02
2011 02 08 00 30 01  3.913140000e+02
2011 02 15 15 00 00  3.914060000e+02
2011 02 23 05 29 59  3.913740000e+02
2011 03 02 20 00 01  3.914680000e+02
2011 03 10 10 30 00  3.915680000e+02
2011 03 18 00 59 59  3.916690000e+02
2011 03 25 15 30 01  3.917630000e+02
2011 04 02 06 00 00  3.918630000e+02
2011 04 09 20 29 59  3.919760000e+02
2011 04 17 11 00 01  3.920630000e+02
2011 04 25 01 30 00  3.921380000e+02
2011 05 02 15 59 59  3.921700000e+02
2011 05 10 06 30 01  3.921680000e+02
2011 05 17 21 00 00  3.921190000e+02
2011 05 25 11 29 59  3.920110000e+02
2011 06 02 02 00 01  3.918340000e+02
2011 06 09 16 30 00  3.915650000e+02
2011 06 17 06 59 59  3.911890000e+02
2011 06 24 21 30 01  3.907340000e+02
2011 07 02 12 00 00  3.902220000e+02
2011 07 10 02 29 59  3.896830000e+02
2011 07 17 17 00 01  3.891540000e+02
2011 07 25 07 30 00  3.886700000e+02
2011 08 01 21 59 59  3.882640000e+02
2011 08 09 12 30 01  3.879580000e+02
2011 08 17 03 00 00  3.877740000e+02
2011 08 24 17 29 59  3.876970000e+02
2011 09 01 08 00 01  3.877520000e+02
2011 09 08 22 30 00  3.879220000e+02
2011 09 16 12 59 59  3.881920000e+02
2011 09 24 03 30 01  3.885710000e+02
2011 10 01 18 00 00  3.889840000e+02
2011 10 09 08 29 59  3.894390000e+02
2011 10 16 23 00 01  3.898460000e+02
2011 10 24 13 30 00  3.902400000e+02
2011 11 01 03 59 59  3.906070000e+02
2011 11 08 18 30 01  3.909360000e+02
2011 11 16 09 00 00  3.912050000e+02
2011 11 23 23 29 59  3.915070000e+02
2011 12 01 14 00 01  3.917310000e+02
2011 12 09 04 30 00  3.918900000e+02
2011 12 16 18 59 59  3.920460000e+02
2011 12 24 09 30 01  3.921890000e+02
2012 01 01 00 00 00  3.923310000e+02
2012 01 08 14 59 59  3.924660000e+02
2012 01 16 06 00 01  3.926030000e+02
2012 01 23 21 00 00  3.927450000e+02
2012 01 31 11 59 59  3.928970000e+02
2012 02 08 03 00 01  3.930510000e+02
2012 02 15 18 00 00  3.932040000e+02
2012 02 23 08 59 59  3.933620000e+02
2012 03 02 00 00 01  3.934990000e+02
2012 03 09 15 00 00  3.936400000e+02
2012 03 17 05 59 59  3.937410000e+02
2012 03 24 21 00 01  3.938280000e+02
2012 04 01 12 00 00  3.939010000e+02
2012 04 09 02 59 59  3.939600000e+02
2012 04 16 18 00 01  3.940040000e+02
2012 04 24 09 00 00  3.940270000e+02
2012 05 01 23 59 59  3.940700000e+02
2012 05 09 15 00 01  3.939980000e+02
2012 05 17 06 00 00  3.939220000e+02
2012 05 24 20 59 59  3.937800000e+02
2012 06 01 12 00 01  3.935640000e+02
2012 06 09 03 00 00  3.932680000e+02
2012 06 16 17 59 59  3.928950000e+02
2012 06 24 09 00 01  3.924530000e+02
2012 07 02 00 00 00  3.919620000e+02
2012 07 09 14 59 59  3.914500000e+02
2012 07 17 06 00 01  3.909170000e+02
2012 07 24 21 00 00  3.905570000e+02
2012 08 01 11 59 59  3.901840000e+02
2012 08 09 03 00 01  3.899210000e+02
2012 08 16 18 00 00  3.897880000e+02
2012 08 24 08 59 59  3.897920000e+02
2012 09 01 00 00 01  3.899160000e+02
2012 09 08 15 00 00  3.901670000e+02
2012 09 16 05 59 59  3.905130000e+02
2012 09 23 21 00 01  3.909240000e+02
2012 10 01 12 00 00  3.913100000e+02
2012 10 09 02 59 59  3.917440000e+02
2012 10 16 18 00 01  3.921700000e+02
2012 10 24 09 00 00  3.925740000e+02
2012 10 31 23 59 59  3.929840000e+02
2012 11 08 15 00 01  3.933120000e+02
2012 11 16 06 00 00  3.936030000e+02
2012 11 23 20 59 59  3.938210000e+02
2012 12 01 12 00 01  3.940520000e+02
2012 12 09 03 00 00  3.942550000e+02
2012 12 16 17 59 59  3.943700000e+02
2012 12 24 09 00 01  3.945480000e+02
2013 01 01 00 00 00  3.947250000e+02
2013 01 08 14 29 59  3.949010000e+02
2013 01 16 05 00 01  3.950730000e+02
2013 01 23 19 30 00  3.952410000e+02
2013 01 31 09 59 59  3.953990000e+02
2013 02 08 00 30 01  3.955500000e+02
2013 02 15 15 00 00  3.956990000e+02
2013 02 23 05 29 59  3.958480000e+02
2013 03 02 20 00 01  3.959970000e+02
2013 03 10 10 30 00  3.961470000e+02
2013 03 18 00 59 59  3.962950000e+02
2013 03 25 15 30 01  3.964390000e+02
2013 04 02 06 00 00  3.965740000e+02
2013 04 09 20 29 59  3.966960000e+02
2013 04 17 11 00 01  3.967410000e+02
2013 04 25 01 30 00  3.968110000e+02
2013 05 02 15 59 59  3.968500000e+02
2013 05 10 06 30 01  3.968480000e+02
2013 05 17 21 00 00  3.967960000e+02
2013 05 25 11 29 59  3.966860000e+02
2013 06 02 02 00 01  3.965150000e+02
2013 06 09 16 30 00  3.962820000e+02
2013 06 17 06 59 59  3.959910000e+02
2013 06 24 21 30 01  3.956680000e+02
2013 07 02 12 00 00  3.952940000e+02
2013 07 10 02 29 59  3.948390000e+02
2013 07 17 17 00 01  3.944560000e+02
2013 07 25 07 30 00  3.940810000e+02
2013 08 01 21 59 59  3.937320000e+02
2013 08 09 12 30 01  3.934230000e+02
2013 08 17 03 00 00  3.931760000e+02
2013 08 24 17 29 59  3.930110000e+02
2013 09 01 08 00 01  3.929440000e+02
2013 09 08 22 30 00  3.929870000e+02
2013 09 16 12 59 59  3.931410000e+02
2013 09 24 03 30 01  3.933960000e+02
2013 10 01 18 00 00  3.937030000e+02
2013 10 09 08 29 59  3.940900000e+02
2013 10 16 23 00 01  3.945070000e+02
2013 10 24 13 30 00  3.949250000e+02
2013 11 01 03 59 59  3.953220000e+02
2013 11 08 18 30 01  3.956810000e+02
2013 11 16 09 00 00  3.959980000e+02
2013 11 23 23 29 59  3.962720000e+02
2013 12 01 14 00 01  3.965060000e+02
2013 12 09 04 30 00  3.967090000e+02
2013 12 16 18 59 59  3.968860000e+02
2013 12 24 09 30 01  3.970460000e+02
2014 01 01 00 00 00  3.972190000e+02
2014 01 08 14 29 59  3.973700000e+02
2014 01 16 05 00 01  3.975120000e+02
2014 01 23 19 30 00  3.976460000e+02
2014 01 31 09 59 59  3.977680000e+02
2014 02 08 00 30 01  3.978770000e+02
2014 02 15 15 00 00  3.979710000e+02
2014 02 23 05 29 59  3.980690000e+02
2014 03 02 20 00 01  3.981360000e+02
2014 03 10 10 30 00  3.981980000e+02
2014 03 18 00 59 59  3.982640000e+02
2014 03 25 15 30 01  3.983410000e+02
2014 04 02 06 00 00  3.984320000e+02
2014 04 09 20 29 59  3.985350000e+02
2014 04 17 11 00 01  3.986410000e+02
2014 04 25 01 30 00  3.987340000e+02
2014 05 02 15 59 59  3.987950000e+02
2014 05 10 06 30 01  3.988050000e+02
2014 05 17 21 00 00  3.987480000e+02
2014 05 25 11 29 59  3.986140000e+02
2014 06 02 02 00 01  3.984000000e+02
2014 06 09 16 30 00  3.981110000e+02
2014 06 17 06 59 59  3.977600000e+02
2014 06 24 21 30 01  3.973620000e+02
2014 07 02 12 00 00  3.969400000e+02
2014 07 10 02 29 59  3.965150000e+02
2014 07 17 17 00 01  3.961070000e+02
2014 07 25 07 30 00  3.957340000e+02
2014 08 01 21 59 59  3.954100000e+02
2014 08 09 12 30 01  3.951510000e+02
2014 08 17 03 00 00  3.949630000e+02
2014 08 24 17 29 59  3.948560000e+02
2014 09 01 08 00 01  3.948340000e+02
2014 09 08 22 30 00  3.949010000e+02
2014 09 16 12 59 59  3.950550000e+02
2014 09 24 03 30 01  3.952920000e+02
2014 10 01 18 00 00  3.956040000e+02
2014 10 09 08 29 59  3.959760000e+02
2014 10 16 23 00 01  3.963860000e+02
2014 10 24 13 30 00  3.967580000e+02
2014 11 01 03 59 59  3.971690000e+02
2014 11 08 18 30 01  3.975510000e+02
2014 11 16 09 00 00  3.978910000e+02
2014 11 23 23 29 59  3.981910000e+02
2014 12 01 14 00 01  3.984410000e+02
2014 12 09 04 30 00  3.986530000e+02
2014 12 16 18 59 59  3.988390000e+02
2014 12 24 09 30 01  3.990120000e+02
2015 01 01 00 00 00  3.992420000e+02
2015 01 08 14 29 59  3.994050000e+02
2015 01 16 05 00 01  3.995670000e+02
2015 01 23 19 30 00  3.997240000e+02
2015 01 31 09 59 59  3.998720000e+02
2015 02 08 00 30 01  4.000080000e+02
2015 02 15 15 00 00  4.001300000e+02
2015 02 23 05 29 59  4.002420000e+02
2015 03 02 20 00 01  4.003500000e+02
2015 03 10 10 30 00  4.004570000e+02
2015 03 18 00 59 59  4.005670000e+02
2015 03 25 15 30 01  4.006790000e+02
2015 04 02 06 00 00  4.007880000e+02
2015 04 09 20 29 59  4.008880000e+02
2015 04 17 11 00 01  4.009850000e+02
2015 04 25 01 30 00  4.010400000e+02
2015 05 02 15 59 59  4.010580000e+02
2015 05 10 06 30 01  4.010180000e+02
2015 05 17 21 00 00  4.009450000e+02
2015 05 25 11 29 59  4.008190000e+02
2015 06 02 02 00 01  4.006580000e+02
2015 06 09 16 30 00  4.004130000e+02
2015 06 17 06 59 59  4.001030000e+02
2015 06 24 21 30 01  3.997350000e+02
2015 07 02 12 00 00  3.993010000e+02
2015 07 10 02 29 59  3.988340000e+02
2015 07 17 17 00 01  3.983570000e+02
2015 07 25 07 30 00  3.979040000e+02
2015 08 01 21 59 59  3.975040000e+02
2015 08 09 12 30 01  3.971900000e+02
2015 08 17 03 00 00  3.969710000e+02
2015 08 24 17 29 59  3.968810000e+02
2015 09 01 08 00 01  3.969150000e+02
2015 09 08 22 30 00  3.970660000e+02
2015 09 16 12 59 59  3.972760000e+02
2015 09 24 03 30 01  3.975920000e+02
2015 10 01 18 00 00  3.979670000e+02
2015 10 09 08 29 59  3.983770000e+02
2015 10 16 23 00 01  3.988000000e+02
2015 10 24 13 30 00  3.992190000e+02
2015 11 01 03 59 59  3.996260000e+02
2015 11 08 18 30 01  4.000130000e+02
2015 11 16 09 00 00  4.003760000e+02
2015 11 23 23 29 59  4.007260000e+02
2015 12 01 14 00 01  4.010590000e+02
2015 12 09 04 30 00  4.013760000e+02
2015 12 16 18 59 59  4.016740000e+02
2015 12 24 09 30 01  4.019500000e+02
2016 01 01 00 00 00  4.022120000e+02
2016 01 08 14 59 59  4.024320000e+02
2016 01 16 06 00 01  4.026270000e+02
2016 01 23 21 00 00  4.028010000e+02
2016 01 31 11 59 59  4.029590000e+02
2016 02 08 03 00 01  4.031070000e+02
2016 02 15 18 00 00  4.032510000e+02
2016 02 23 08 59 59  4.033960000e+02
2016 03 02 00 00 01  4.035440000e+02
2016 03 09 15 00 00  4.036940000e+02
2016 03 17 05 59 59  4.038440000e+02
2016 03 24 21 00 01  4.039930000e+02
2016 04 01 12 00 00  4.041350000e+02
2016 04 09 02 59 59  4.042660000e+02
2016 04 16 18 00 01  4.043780000e+02
2016 04 24 09 00 00  4.044630000e+02
2016 05 01 23 59 59  4.044980000e+02
2016 05 09 15 00 01  4.044950000e+02
2016 05 17 06 00 00  4.044430000e+02
2016 05 24 20 59 59  4.043380000e+02
2016 06 01 12 00 01  4.041770000e+02
2016 06 09 03 00 00  4.039480000e+02
2016 06 16 17 59 59  4.036620000e+02
2016 06 24 09 00 01  4.033210000e+02
2016 07 02 00 00 00  4.029350000e+02
2016 07 09 14 59 59  4.025250000e+02
2016 07 17 06 00 01  4.020920000e+02
2016 07 24 21 00 00  4.016670000e+02
2016 08 01 11 59 59  4.012760000e+02
2016 08 09 03 00 01  4.009430000e+02
2016 08 16 18 00 00  4.007000000e+02
2016 08 24 08 59 59  4.005640000e+02
2016 09 01 00 00 01  4.005490000e+02
2016 09 08 15 00 00  4.006580000e+02
2016 09 16 05 59 59  4.008840000e+02
2016 09 23 21 00 01  4.012040000e+02
2016 10 01 12 00 00  4.015860000e+02
2016 10 09 02 59 59  4.019980000e+02
2016 10 16 18 00 01  4.024140000e+02
2016 10 24 09 00 00  4.028070000e+02
2016 10 31 23 59 59  4.031660000e+02
2016 11 08 15 00 01  4.034880000e+02
2016 11 16 06 00 00  4.037770000e+02
2016 11 23 20 59 59  4.040370000e+02
2016 12 01 12 00 01  4.042730000e+02
2016 12 09 03 00 00  4.044890000e+02
2016 12 16 17 59 59  4.046910000e+02
2016 12 24 09 00 01  4.048530000e+02
2017 01 01 00 00 00  4.050020000e+02
2017 01 08 14 29 59  4.051650000e+02
2017 01 16 05 00 01  4.053270000e+02
2017 01 23 19 30 00  4.054860000e+02
2017 01 31 09 59 59  4.056390000e+02
2017 02 08 00 30 01  4.057840000e+02
2017 02 15 15 00 00  4.059170000e+02
2017 02 23 05 29 59  4.060380000e+02
2017 03 02 20 00 01  4.061450000e+02
2017 03 10 10 30 00  4.062400000e+02
2017 03 18 00 59 59  4.063230000e+02
2017 03 25 15 30 01  4.063970000e+02
2017 04 02 06 00 00  4.064640000e+02
2017 04 09 20 29 59  4.065490000e+02
2017 04 17 11 00 01  4.066130000e+02
2017 04 25 01 30 00  4.066710000e+02
2017 05 02 15 59 59  4.067150000e+02
2017 05 10 06 30 01  4.067290000e+02
2017 05 17 21 00 00  4.066990000e+02
2017 05 25 11 29 59  4.066090000e+02
2017 06 02 02 00 01  4.063890000e+02
2017 06 09 16 30 00  4.061680000e+02
2017 06 17 06 59 59  4.059340000e+02
2017 06 24 21 30 01  4.056160000e+02
2017 07 02 12 00 00  4.050310000e+02
2017 07 10 02 29 59  4.045640000e+02
2017 07 17 17 00 01  4.041240000e+02
2017 07 25 07 30 00  4.036340000e+02
2017 08 01 21 59 59  4.031760000e+02
2017 08 09 12 30 01  4.027820000e+02
2017 08 17 03 00 00  4.024820000e+02
2017 08 24 17 29 59  4.023020000e+02
2017 09 01 08 00 01  4.022600000e+02
2017 09 08 22 30 00  4.023910000e+02
2017 09 16 12 59 59  4.025780000e+02
2017 09 24 03 30 01  4.029030000e+02
2017 10 01 18 00 00  4.032750000e+02
2017 10 09 08 29 59  4.037180000e+02
2017 10 16 23 00 01  4.041790000e+02
2017 10 24 13 30 00  4.045870000e+02
2017 11 01 03 59 59  4.050210000e+02
2017 11 08 18 30 01  4.053790000e+02
2017 11 16 09 00 00  4.057300000e+02
2017 11 23 23 29 59  4.060350000e+02
2017 12 01 14 00 01  4.062940000e+02
2017 12 09 04 30 00  4.065370000e+02
2017 12 16 18 59 59  4.067610000e+02
2017 12 24 09 30 01  4.069710000e+02
2018 01 01 00 00 00  4.071520000e+02
2018 01 08 14 29 59  4.073450000e+02
2018 01 16 05 00 01  4.075320000e+02
2018 01 23 19 30 00  4.077130000e+02
2018 01 31 09 59 59  4.078990000e+02
2018 02 08 00 30 01  4.080740000e+02
2018 02 15 15 00 00  4.082380000e+02
2018 02 23 05 29 59  4.083920000e+02
2018 03 02 20 00 01  4.085350000e+02
2018 03 10 10 30 00  4.086650000e+02
2018 03 18 00 59 59  4.087830000e+02
2018 03 25 15 30 01  4.088860000e+02
2018 04 02 06 00 00  4.089720000e+02
2018 04 09 20 29 59  4.090410000e+02
2018 04 17 11 00 01  4.090900000e+02
2018 04 25 01 30 00  4.091170000e+02
2018 05 02 15 59 59  4.091180000e+02
2018 05 10 06 30 01  4.090870000e+02
2018 05 17 21 00 00  4.090140000e+02
2018 05 25 11 29 59  4.088880000e+02
2018 06 02 02 00 01  4.087020000e+02
2018 06 09 16 30 00  4.084500000e+02
2018 06 17 06 59 59  4.081360000e+02
2018 06 24 21 30 01  4.077670000e+02
2018 07 02 12 00 00  4.073560000e+02
2018 07 10 02 29 59  4.069190000e+02
2018 07 17 17 00 01  4.064740000e+02
2018 07 25 07 30 00  4.060420000e+02
2018 08 01 21 59 59  4.056430000e+02
2018 08 09 12 30 01  4.052990000e+02
2018 08 17 03 00 00  4.050370000e+02
2018 08 24 17 29 59  4.048750000e+02
2018 09 01 08 00 01  4.048290000e+02
2018 09 08 22 30 00  4.049080000e+02
2018 09 16 12 59 59  4.051080000e+02
2018 09 24 03 30 01  4.054110000e+02
2018 10 01 18 00 00  4.057920000e+02
2018 10 09 08 29 59  4.062190000e+02
2018 10 16 23 00 01  4.066620000e+02
2018 10 24 13 30 00  4.070930000e+02
2018 11 01 03 59 59  4.074570000e+02
2018 11 08 18 30 01  4.078200000e+02
2018 11 16 09 00 00  4.081470000e+02
2018 11 23 23 29 59  4.084440000e+02
2018 12 01 14 00 01  4.087170000e+02
2018 12 09 04 30 00  4.089690000e+02
2018 12 16 18 59 59  4.092000000e+02
2018 12 24 09 30 01  4.094050000e+02
2019 01 01 00 00 00  4.096320000e+02
2019 01 08 14 29 59  4.098170000e+02
2019 01 16 05 00 01  4.099390000e+02
2019 01 23 19 30 00  4.100420000e+02
2019 01 31 09 59 59  4.101340000e+02
2019 02 08 00 30 01  4.102270000e+02
2019 02 15 15 00 00  4.103300000e+02
2019 02 23 05 29 59  4.104510000e+02
2019 03 02 20 00 01  4.105890000e+02
2019 03 10 10 30 00  4.107400000e+02
2019 03 18 00 59 59  4.108930000e+02
2019 03 25 15 30 01  4.110390000e+02
2019 04 02 06 00 00  4.111680000e+02
2019 04 09 20 29 59  4.112740000e+02
2019 04 17 11 00 01  4.113530000e+02
2019 04 25 01 30 00  4.114050000e+02
2019 05 02 15 59 59  4.114300000e+02
2019 05 10 06 30 01  4.114230000e+02
2019 05 17 21 00 00  4.113770000e+02
2019 05 25 11 29 59  4.112800000e+02
2019 06 02 02 00 01  4.111210000e+02
2019 06 09 16 30 00  4.108880000e+02
2019 06 17 06 59 59  4.105800000e+02
2019 06 24 21 30 01  4.102040000e+02
2019 07 02 12 00 00  4.097760000e+02
2019 07 10 02 29 59  4.093200000e+02
2019 07 17 17 00 01  4.088630000e+02
2019 07 25 07 30 00  4.084350000e+02
2019 08 01 21 59 59  4.080620000e+02
2019 08 09 12 30 01  4.077680000e+02
2019 08 17 03 00 00  4.075670000e+02
2019 08 24 17 29 59  4.074720000e+02
2019 09 01 08 00 01  4.074880000e+02
2019 09 08 22 30 00  4.076160000e+02
2019 09 16 12 59 59  4.078500000e+02
2019 09 24 03 30 01  4.081740000e+02
2019 10 01 18 00 00  4.085680000e+02
2019 10 09 08 29 59  4.090030000e+02
2019 10 16 23 00 01  4.094500000e+02
2019 10 24 13 30 00  4.098790000e+02
2019 11 01 03 59 59  4.102700000e+02
2019 11 08 18 30 01  4.106120000e+02
2019 11 16 09 00 00  4.109030000e+02
2019 11 23 23 29 59  4.111520000e+02
2019 12 01 14 00 01  4.113700000e+02
2019 12 09 04 30 00  4.115710000e+02
2019 12 16 18 59 59  4.117660000e+02
2019 12 24 09 30 01  4.119600000e+02
2020 01 01 00 00 00  4.120990000e+02
2020 01 08 14 59 59  4.122800000e+02
2020 01 16 06 00 01  4.124500000e+02
2020 01 23 21 00 00  4.125740000e+02
2020 01 31 11 59 59  4.127120000e+02
2020 02 08 03 00 01  4.128370000e+02
2020 02 15 18 00 00  4.129520000e+02
2020 02 23 08 59 59  4.130620000e+02
2020 03 02 00 00 01  4.131740000e+02
2020 03 09 15 00 00  4.132950000e+02
2020 03 17 05 59 59  4.134480000e+02
2020 03 24 21 00 01  4.135920000e+02
2020 04 01 12 00 00  4.136810000e+02
2020 04 09 02 59 59  4.137940000e+02
2020 04 16 18 00 01  4.138870000e+02
2020 04 24 09 00 00  4.139480000e+02
2020 05 01 23 59 59  4.139690000e+02
2020 05 09 15 00 01  4.139410000e+02
2020 05 17 06 00 00  4.138540000e+02
2020 05 24 20 59 59  4.137040000e+02
2020 06 01 12 00 01  4.134900000e+02
2020 06 09 03 00 00  4.132700000e+02
2020 06 16 17 59 59  4.129280000e+02
2020 06 24 09 00 01  4.125320000e+02
2020 07 02 00 00 00  4.121030000e+02
2020 07 09 14 59 59  4.116350000e+02
2020 07 17 06 00 01  4.111550000e+02
2020 07 24 21 00 00  4.106900000e+02
2020 08 01 11 59 59  4.102680000e+02
2020 08 09 03 00 01  4.099210000e+02
2020 08 16 18 00 00  4.096260000e+02
2020 08 24 08 59 59  4.095000000e+02
2020 09 01 00 00 01  4.095110000e+02
2020 09 08 15 00 00  4.096590000e+02
2020 09 16 05 59 59  4.099270000e+02
2020 09 23 21 00 01  4.102930000e+02
2020 10 01 12 00 00  4.107260000e+02
2020 10 09 02 59 59  4.111960000e+02
2020 10 16 18 00 01  4.116730000e+02
2020 10 24 09 00 00  4.121340000e+02
2020 10 31 23 59 59  4.125600000e+02
2020 11 08 15 00 01  4.129420000e+02
2020 11 16 06 00 00  4.133060000e+02
2020 11 23 20 59 59  4.135790000e+02
2020 12 01 12 00 01  4.138050000e+02
2020 12 09 03 00 00  4.139920000e+02
2020 12 16 17 59 59  4.141450000e+02
2020 12 24 09 00 01  4.142800000e+02
2021 01 01 00 00 00  4.144970000e+02
2021 01 08 14 29 59  4.146320000e+02
2021 01 16 05 00 01  4.147710000e+02
2021 01 23 19 30 00  4.149130000e+02
2021 01 31 09 59 59  4.150520000e+02
2021 02 08 00 30 01  4.151790000e+02
2021 02 15 15 00 00  4.152910000e+02
2021 02 23 05 29 59  4.153830000e+02
2021 03 02 20 00 01  4.154580000e+02
2021 03 10 10 30 00  4.155630000e+02
2021 03 18 00 59 59  4.156060000e+02
2021 03 25 15 30 01  4.156540000e+02
2021 04 02 06 00 00  4.157160000e+02
2021 04 09 20 29 59  4.157990000e+02
2021 04 17 11 00 01  4.159000000e+02
2021 04 25 01 30 00  4.160070000e+02
2021 05 02 15 59 59  4.161020000e+02
2021 05 10 06 30 01  4.161620000e+02
2021 05 17 21 00 00  4.161220000e+02
2021 05 25 11 29 59  4.160380000e+02
2021 06 02 02 00 01  4.158750000e+02
2021 06 09 16 30 00  4.156290000e+02
2021 06 17 06 59 59  4.153010000e+02
2021 06 24 21 30 01  4.149000000e+02
2021 07 02 12 00 00  4.144410000e+02
2021 07 10 02 29 59  4.139590000e+02
2021 07 17 17 00 01  4.134610000e+02
2021 07 25 07 30 00  4.129890000e+02
2021 08 01 21 59 59  4.125740000e+02
2021 08 09 12 30 01  4.122450000e+02
2021 08 17 03 00 00  4.120300000e+02
2021 08 24 17 29 59  4.119390000e+02
2021 09 01 08 00 01  4.119150000e+02
2021 09 08 22 30 00  4.120100000e+02
2021 09 16 12 59 59  4.122440000e+02
2021 09 24 03 30 01  4.125610000e+02
2021 10 01 18 00 00  4.129700000e+02
2021 10 09 08 29 59  4.134460000e+02
2021 10 16 23 00 01  4.139580000e+02
2021 10 24 13 30 00  4.145880000e+02
2021 11 01 03 59 59  4.150900000e+02
2021 11 08 18 30 01  4.156200000e+02
2021 11 16 09 00 00  4.161560000e+02
2021 11 23 23 29 59  4.164080000e+02
2021 12 01 14 00 01  4.167140000e+02
2021 12 09 04 30 00  4.169860000e+02
2021 12 16 18 59 59  4.173400000e+02
2021 12 24 09 30 01  4.176610000e+02
2022 01 01 00 00 00  4.179630000e+02
