9.91
9.91
10.16
10.01
10.08
10.25
10.24
10.17
9.96
9.94
10.08
10.15
9.77
9.9
10.11
10.16
9.91
9.64
9.97
9.89
9.67
9.74
10.25
10.15
10
10.07
10.34
10.38
9.79
9.94
10.46
10.1
9.73
9.81
9.97
10.02
9.6
9.71
9.9
9.89
10.2
10.04
10.02
10.04
10.04
10.01
10.11
10.09
10.02
9.74
9.75
10.52
10.49
10.37
10.01
9.98
9.96
10.06
10.2
10.12
10.07
10.23
10.14
10.33
10.14
10.22
9.9
10.03
10.4
10.42
10.45
9.93
9.8
9.89
10.11
10.06
10.03
9.91
10
9.98
10.11
9.83
9.97
9.95
10.02
10.09
10.2
10.07
9.93
9.94
10.09
10.05
10.03
9.95
9.93
10.01
10.03
9.99
10.17
10.45
10.17
10.33
10.28
10.23
10.35
10.38
10.13
10.02
10.17
9.98
10.04
10.13
10.12
9.97
10.19
10.12
10.07
10.11
10.05
10.22
9.97
10.02
9.99
10.27
10.11
10.03
9.98
10.05
10.17
10.07
10.07
10.18
10.05
10.23
10.09
9.91
9.76
10.07
10
9.96
10
10.09
10.18
10.34
10
9.71
9.96
10.03
10.08
9.91
10.02
10.1
10.44
9.92
10.4
10.09
10.2
10.02
9.82
9.81
9.93
10.03
10.13
10.1
9.99
9.96
9.97
10.12
10.17
10.04
10.08
10.08
10.08
9.85
9.88
10.03
10
10.06
10.36
10.21
10.15
10.04
10.01
9.97
10.15
9.72
9.84
10.07
10.03
9.94
9.97
10.08
9.93
9.97
10.03
10.19
10.03
9.94
10.14
10.13
10.18
9.95
9.61
10.22
9.75
9.83
9.97
10.21
10.36
10.4
10.62
9.67
10.04
9.95
9.9
10.04
9.63
9.68
9.64
9.6
9.88
10.07
9.93
9.64
9.71
10.08
9.91
10.16
10.02
9.95
10.02
9.77
9.86
10.04
9.96
9.91
9.98
9.78
9.87
9.84
9.94
9.9
10.28
10.07
10.02
9.81
9.74
10.11
10.27
10.04
10.29
9.89
9.91
10.03
10.03
9.92
10.03
10.08
10.11
9.88
9.92
10
9.9
9.97
9.94
10.06
10.12
9.13
9.94
9.97
9.93
9.96
9.92
10.01
10.06
10.29
10.09
9.87
10.12
10.3
10.2
10.19
10.11
10.15
10.13
10.13
10.05
9.99
10.14
10.2
10.34
10.25
10.02
10.04
10.03
10.31
10.09
9.93
10.53
10.65
10.03
10.02
10.11
10.18
10.17
10.2
10.22
10.06
9.98
10.08
10.18
10.17
9.91
10.01
9.97
10.04
10.18
10.28
10.07
10.08
9.98
9.99
10.34
10.34
10.14
9.99
10.05
10
10.23
10.02
10.08
10.09
9.97
10.06
10.02
9.96
10.03
10.05
10.1
9.93
9.95
10.36
10.12
10.03
10.15
10.1
10.11
10.08
10.04
9.99
10.05
10.03
10.25
10.08
9.94
9.98
10.04
10.6
10.19
10.22
9.99
10.1
10.05
10.11
10.07
10.56
10.38
10.28
10.33
10
10.07
10.2
10.21
10.13
10.23
9.84
9.9
10.23
10.28
10.2
10.17
10
10.07
10.03
10.1
9.97
9.95
10.25
10.09
10.06
10.13
10.07
10.13
10.26
10.15
10.16
10.24
10.08
10.09
10.04
10.05
10.13
10.07
10.22
10.05
9.91
9.9
10.23
10.39
10.47
10.06
10.02
10.05
9.97
10.06
10.05
10.02
10.25
10.18
10.25
10.1
10.15
10.04
10.09
10.11
10.15
10.12
10.11
10.06
10.25
10.04
10.13
10.12
9.96
10.16
10.16
10.14
10.09
10.05
10.3
10.29
10.05
9.96
10
10.13
10.08
10.05
10.23
10.07
9.91
9.83
10.1
10.08
10.13
10.09
10.02
10.09
10.06
10.07
10.03
10.02
10
10.12
10.3
10.17
10.2
10.12
9.95
9.93
10.22
10.22
9.93
9.94
10.07
10.16
10.63
10.37
9.98
9.93
10.06
10.15
10.03
10.02
9.9
9.82
10.26
10.13
9.98
10
10.09
10.12
10.16
10.12
10.01
10.13
10.12
10.13
10.04
10.17
10.17
10.13
10.04
9.98
10.2
10.21
10.28
10.39
10.03
10.11
10.12
10.12
10.01
10.02
10.11
10.02
10.05
10.04
10.15
10.21
10.28
10.17
10.4
10.26
9.99
9.94
10.3
10.37
10.23
10.16
10.12
10.2
10.26
10.27
10.29
10.27
10.09
10.02
10.17
10.04
10.28
10.29
10.19
10.09
10.01
10.04
10.27
10.27
10.54
10.13
10.1
10.13
10.06
10.03
10.15
10.12
10.16
10
10.02
10.04
10.03
10.08
10
10.01
10.03
10.04
10.02
9.9
9.97
10.36
10.25
10.18
10.13
10.12
10.02
10.02
10.03
10.29
10.07
10.02
10.06
10.04
10.07
10
10.09
10.05
10.03
10.13
10.14
9.96
10.05
10.13
10.15
10.05
10.01
10.05
10.02
10.13
9.98
10.24
10.05
10.2
10.06
10.11
10.09
10.02
9.95
10.03
10.37
10.25
9.94
10.01
9.99
9.99
10.03
10.01
10.49
10.43
10.22
10.19
10.2
10.09
10.29
10.29
10.02
9.99
9.98
9.98
10.11
10.13
10.24
10.15
10
9.93
9.96
10.08
9.94
10.05
10.15
10.06
10.11
10.31
10.19
10.1
10.13
10.17
10.13
10.09
10.14
10.24
10.22
10.01
10
10.11
10.05
10.07
10.05
9.88
9.9
9.78
9.76
10.01
10.01
10.04
10.08
10.06
9.99
10.14
10.11
9.94
9.95
10.11
10.15
9.68
9.7
10.27
10.26
10.26
10.24
10.01
10.01
9.92
10.02
10.08
9.98
10.23
10.02
10.09
9.94
10.09
10.11
9.94
9.85
9.96
9.98
10.06
10.09
10.12
10.12
10.05
10.02
10.05
10.04
10.24
10.15
9.86
9.83
9.85
10.35
10.21
10.35
10.12
10.02
9.96
10.01
9.98
10.05
10.02
10.07
10.08
9.84
9.87
9.78
9.84
10.26
10.13
10.04
10.04
10.01
10.02
10.14
10.01
10.71
10.66
10.08
10.06
9.77
9.89
10.11
10.02
9.92
9.99
10.04
10.1
9.82
9.84
9.98
9.92
10.07
9.98
9.89
9.84
10.06
9.94
10.15
10
9.94
9.92
9.91
9.89
9.89
9.92
10.17
10.11
9.95
9.9
10.14
10.1
10.16
10.14
10.08
10.05
10.16
10.09
10.27
10.06
9.96
9.92
9.94
9.9
9.95
10.07
10.07
10.06
10.09
10.14
10.47
10.56
10.27
10.11
9.95
9.91
9.93
9.86
10.04
10.05
9.8
9.89
9.95
10.13
10.03
9.97
10.09
10.07
9.87
9.93
9.82
9.89
9.88
9.92
10
9.99
9.98
10.15
10.03
10.11
9.94
10.17
9.71
9.77
10.3
10.2
9.99
9.92
10.05
10.02
10.13
10.07
10.1
10.09
9.99
9.98
10.02
10.01
9.64
9.72
9.92
9.93
9.79
9.57
10.14
10.06
10.13
10.07
10.02
10.01
10.12
10.17
9.7
9.81
10.21
10.29
10.08
10.08
10.07
10.1
10.15
10.1
10.06
10.09
10.02
10.04
10.16
10.01
10.1
10.12
10.07
10.11
10.01
10.05
10.18
10.11
10.02
9.98
10.2
10.08
10
10.07
9.94
9.99
10.05
10.12
10.03
10.01
10.01
10.03
10.02
9.98
10.05
10.07
10.05
10.02
10.07
10.07
10.01
10
9.97
9.86
10.22
10.01
9.94
10.1
10.13
10.35
10.06
10.11
10.08
10.05
9.97
9.98
10.05
10.07
10.11
10.01
10.15
10.12
10.1
10.16
10.15
10
9.91
9.97
10.21
10.15
10.03
10.07
10.29
10.26
10.02
10.09
10.1
10
10.1
10.03
10.06
10.14
10.12
9.98
10.26
10.29
10.09
10.17
10.05
10.08
10.05
10.06
10.08
10.04
10.4
10.35
10.09
10.06
10.04
9.98
10.36
10.24
10.37
10.52
10.05
10.11
10.05
10.09
10
10.06
10.24
10.09
9.5
9.5
9.88
9.94
10.08
10.06
10.03
10.15
9.95
9.98
9.99
10.03
10.21
10.06
10.1
10.1
10.05
10.11
10.02
10.01
10.54
10.65
10.06
10.13
9.88
9.91
9.99
10.07
10.35
10.03
9.99
10.07
9.94
9.86
10.06
10.13
9.98
9.89
10.09
9.99
9.98
10.06
10.07
10.02
10.12
10.33
9.85
9.8
9.99
9.95
10.17
9.91
10.09
9.97
10.19
10.03
9.93
9.85
10.03
9.89
10.27
10.25
10.23
10.11
9.97
9.92
10.21
10.05
10.17
10.06
10.04
10.1
10.12
9.96
10.27
10.11
10.12
10.08
9.98
9.92
10.15
9.99
10.04
9.96
10.48
10.43
9.93
9.97
10.02
10.11
10.03
10.11
9.99
9.95
9.86
9.91
10.05
9.85
10.1
10.05
10.2
10.12
9.76
9.7
9.94
9.93
10.4
10.4
10.05
9.97
10.04
10.02
10
10.05
10.22
10.06
10.17
10.08
9.99
10.04
10.12
9.99
10.04
10.02
10.01
10.01
9.97
10
9.69
9.73
10.14
10.12
10.17
10.18
10.14
10
10.28
10.3
10.12
10.19
9.97
10.02
10.18
10.15
10.06
9.99
10.26
10.17
9.95
9.97
10.18
10.14
9.94
9.96
10.44
9.98
9.95
9.94
10.36
10.16
10.15
10.27
9.77
9.85
10.03
10.07
10.1
10.08
9.81
9.93
10.3
10.15
9.9
9.85
9.86
9.96
9.92
10.1
10.04
9.86
9.93
9.97
9.97
9.79
9.81
9.56
9.59
10.15
10.05
10.18
10.16
9.83
9.83
10.45
10.45
10.19
10.15
10.16
10.1
10.24
10.27
9.85
9.88
10.07
10.15
9.94
10.03
9.73
9.71
10.16
10.14
9.97
9.95
10.12
9.89
10.07
10.07
10.07
9.95
10.09
9.94
10.09
9.99
10.02
10.02
10.19
10.1
10.17
10.08
10.04
9.99
10.12
10.34
10.02
9.93
9.98
10.01
10.04
9.94
10.14
10.09
9.94
9.97
10.02
9.97
10.06
10.07
10.03
10.03
10.14
10.02
9.48
9.43
9.83
10.11
10.07
10.18
9.9
9.9
9.94
9.97
10.1
10.2
10.24
10.06
10.11
10.08
10.31
10.36
10.18
10.2
10.01
9.92
10.29
10.4
10.17
10.05
10
10.09
9.99
9.97
10.26
10.11
10.27
10.2
10.01
9.97
10.02
10.03
10.09
9.97
10.45
10.38
10.22
10.18
10.33
10.09
10.14
10.29
10.17
10.07
10
10.02
10.05
9.97
9.96
10.03
10.19
10.03
10.03
10.19
9.88
9.93
10.15
10.23
10.15
10.22
10.08
10.11
10.17
10.21
10.18
9.98
9.98
9.91
9.9
9.88
10.09
10.08
10.19
10.3
9.99
10.06
10.04
10.08
10.57
10.39
10.18
10.01
10.15
10.09
10.2
10.24
10.24
10.26
9.96
10.04
10.01
9.95
10.07
10.35
10.11
10.12
10.13
10.14
9.47
9.51
10.02
9.99
10.09
10.09
9.75
9.78
10.28
10.19
10.02
9.89
10.24
10.06
10.05
9.97
10.08
10.06
10.2
10.26
10.19
10.13
10.18
10.09
9.89
9.84
10.18
10.31
10.12
10.11
10.03
10.02
10.05
10.07
10.01
10.01
9.96
10.02
10.1
10.13
10.15
10.11
10.09
10.09
9.92
9.9
9.95
10.01
10.11
10.09
9.99
10.13
10.06
10.11
10.2
10.5
10.06
10.05
10.07
9.97
10.17
10.11
10.1
9.95
9.92
10.22
10.08
10.13
10.14
10.15
10.07
10.27
10.22
10.28
10.07
9.87
9.77
10.12
9.96
10.08
10.06
10.29
10.06
10.23
10.15
10.14
10.15
10.27
10.2
10.07
9.98
9.95
9.99
10.04
10.1
10.08
10.04
10.13
10.05
10.01
10.1
10.01
10.03
10.05
10.01
10.06
10.01
10.08
10.03
9.93
9.93
10.04
10.04
10.2
10.28
10.08
9.93
10.19
10.18
10.09
10.05
10.27
10.11
10.13
10
10.03
9.99
10.03
10.06
10
10.01
10.83
10.36
10.15
10.16
9.95
10.06
10.15
9.91
10.01
10.05
10.32
10.23
10.09
10.07
9.94
10.03
10.17
10.29
10.36
10.16
9.9
9.91
10.81
10.73
10.1
10.03
10.48
10.37
10.13
10.07
10.18
10.1
10.03
10.03
9.96
9.98
10.15
10.19
10.16
10.19
10.09
10.03
10.15
10.07
10.22
10.24
9.71
9.83
10.19
10.24
10.2
10.12
10.16
10.34
10.12
10.15
9.93
9.95
10.02
10.01
10
10.11
9.97
9.96
10.31
10.13
10.19
10.11
10
9.97
10.05
10.3
10.3
10.07
9.92
9.92
10.55
10.28
10.05
10.22
10.36
10.22
10.17
10.14
10.2
10.21
10.22
9.95
10.1
9.97
9.93
9.91
9.97
10.05
10.14
10.02
10.42
10.46
10.08
10.18
9.96
9.97
10.13
10.18
10.02
10.11
10.1
10.15
10.49
10
10.05
9.91
10.22
10.11
10.14
9.98
10.06
9.96
10.25
10.25
10.18
10.1
10.17
10.17
10.06
10.04
10.1
10.02
10.17
10.2
9.98
10.06
10.05
10
10.24
10.13
10.31
10.08
10.01
9.56
9.96
9.98
10.07
10.05
10.04
10.06
10.04
10.02
10.26
10.07
9.97
10.04
10.05
10.12
10.18
10.41
10.08
10.07
10.04
10.04
10.06
10.14
10.08
10.03
10.19
10.07
10.26
10.08
10.25
10.28
10.05
10.05
10.29
10.44
10.66
10.76
10.12
10.01
10.3
10.43
9.89
9.88
10.06
10.03
10.1
10.05
10.18
10.23
10.51
10.05
10.04
10.11
10.17
10.11
10.18
10.14
10.53
10.36
10.21
9.99
9.93
9.97
10.62
10.18
10.07
10.09
10.06
9.97
10.08
10.13
10.07
9.98
10.28
10.2
10.1
10.03
10.16
10.27
10.23
10.04
10.25
10.26
10.25
10.07
10.24
10.36
10.03
10.19
10.32
9.9
10.29
10.15
10.08
10.09
10.12
10.13
10.09
10.39
10.32
10.14
10.19
10.15
10.48
10.36
10.14
10.14
10
10.07
10.11
10.13
10.08
10.41
9.97
9.94
9.96
9.98
10.36
10.14
10.14
10.1
10.14
10.11
10
10
10.02
10.02
10.02
10
10.19
10.19
10.15
10.38
9.49
9.35
9.59
9.86
10.01
9.94
10.05
9.95
10.03
10
9.85
9.91
10.03
9.74
10.09
10.33
10.21
10.03
10.63
10.36
10.12
10.12
10
9.97
10.17
10.11
10.05
10.24
10.14
10.04
10.16
10
9.97
10.02
10.11
10.16
9.95
10
10.04
10
9.95
9.87
9.9
10.03
10.08
10.07
10.02
10.01
10.1
10.06
9.97
10.03
10.28
10.12
10.06
10.03
10.11
10.02
10.09
10.06
10.05
10.03
10.07
10.13
9.89
9.88
10
10
10.13
10.11
9.95
10.11
9.98
10.32
10.4
10.11
10.27
10.07
10.09
10.05
9.94
10.24
10.1
10
10.07
9.91
10.41
10.13
10.05
9.97
10.13
10.14
10.12
10.03
10.33
10.04
10.06
10.09
10.36
10.09
10.11
10.06
10.06
10.03
10.11
10.09
9.99
10.01
9.89
9.93
10.05
10.06
10
10
10.07
10.37
10.11
10.1
10.09
10.06
10.03
10.1
10.06
10.11
10.21
10.15
10.18
10.02
10.14
10.08
10
10.05
10.03
10.09
9.98
10
10.19
10.17
10.06
10.04
10.1
10.05
10.11
10.09
9.97
9.98
10.16
10.16
10.22
10.24
10.35
10.23
9.98
10.04
10.08
10.04
10.12
10.06
10.07
10.03
9.96
9.96
10.05
9.98
10.03
10.08
10.17
10.08
10.3
10.33
9.73
9.82
10.07
9.84
10.38
10.29
9.99
10.01
9.91
10
10.3
10.34
10.09
10.19
9.93
9.89
9.72
9.9
10.03
10.18
10.08
10
10.06
10.09
10.06
10.15
10.07
10.06
10.16
10.18
9.71
9.67
10.1
10.19
9.95
9.96
10.09
10.19
10.1
10.07
10.07
10.08
10.06
10.09
10.31
10.11
9.99
10
10
9.87
10.06
10.09
9.93
10.09
10.04
10.12
10.32
10.25
10.3
10.18
10.02
9.92
10.08
10.01
10.05
9.98
10.25
10.16
9.88
9.96
10.11
10.13
10.27
10.28
10.04
10.28
10.18
10.14
10.12
10.14
10.2
10.12
10.14
10.23
10.14
10.17
10.11
10.26
10.4
10.08
10.09
10.02
10.17
10.33
10.14
10.17
10.13
10.05
10.02
10.02
10.03
10.02
10.04
9.97
10.05
10.06
10.29
10.15
10.12
10.12
10.25
10.15
10.04
9.98
9.98
10.32
10.35
10.06
10.06
10.13
10.06
9.88
9.83
10.63
10.14
10.05
9.97
9.94
10.01
9.99
9.98
10.05
10.04
10.17
10.31
10.21
9.96
9.91
9.94
10.06
10.07
10.04
10.03
10.28
10.05
10.04
10.09
10.04
10.48
10.09
10.1
10.25
10.27
10.33
10.08
10.14
10.14
9.97
10.18
10.15
10.17
10.14
10.05
10.19
10.05
9.96
9.88
9.92
10.08
10.04
10.15
9.99
10.23
10.25
10.13
10.17
10
10.07
10.23
10.02
10.09
10.01
10.31
10.41
10.07
10.03
9.91
9.99
10.15
9.96
10.06
10
9.89
9.93
10.07
10.21
10.13
10.22
10.14
10.07
10.01
10.04
10.22
10.06
10.06
10.02
9.99
9.96
9.97
10
10.07
10
9.92
9.92
10.14
10.22
10.1
10.12
9.92
9.85
10.08
10.12
9.94
10.01
10.03
10.24
10.38
10.49
10.07
10.07
10.14
10.39
9.97
9.97
9.99
9.95
10.03
10.01
9.91
10.02
9.92
10.05
10.23
10.24
10.23
10.28
10.08
10.01
10.16
10.15
10
10.01
10.2
10.17
10.2
10.14
10.03
10.06
9.97
9.93
9.98
9.92
10.11
10.05
10.34
10.29
10.16
10.32
9.94
9.91
10.03
9.9
10.1
10.2
10.01
10.11
10.11
10.16
9.86
9.79
10.1
10.09
9.94
9.98
9.96
9.82
10.11
10.14
9.98
10
9.97
9.97
10.23
10.25
10.2
10.11
9.93
10.15
10.07
10.03
10.1
10.03
10.18
10.05
10.1
10.08
11.47
11.48
10.93
10.96
10.5
10.14
10.21
10.23
10.06
10.27
9.99
9.94
10.38
10.12
10.62
10.39
10.15
10.05
10.14
10.14
10.12
10.02
10.01
10.04
10.43
10.14
10.17
10.18
9.93
9.96
10.05
10.13
10.06
10.05
10.15
10.13
10.17
10.08
10.04
10.43
10.31
10.15
10.13
9.98
9.97
10.35
10.2
10.11
10.08
10.21
10.41
10.05
10.08
10.17
9.95
10.33
10.37
9.88
9.9
9.84
10.02
10.19
10.04
10.22
10.6
10.19
10.24
9.99
10.06
10.09
10.17
10.05
9.99
10.15
10.01
10.28
10.54
10.25
10.23
10.09
10.12
10.2
10.2
10.1
10.07
10.44
10.16
10.47
9.98
10.32
10.08
10.03
10.09
10.21
10.12
10.07
10.12
10.29
10.35
10.26
10.16
10.13
10.31
10.22
10.09
10.15
10.12
10.26
10.07
10.3
10.35
10.16
10.24
10
10.16
10.18
10.26
10.16
10.25
10.14
10.17
10.11
10.06
10.05
10.13
10.18
10.14
10.22
10.36
10.34
10.12
10.32
10.39
10.15
10.2
10.13
10.26
10.76
10.55
10.21
9.92
9.98
10.03
10.31
9.91
9.84
9.87
9.98
10.2
10.06
10.2
10.04
10.07
10.09
9.9
9.93
10.25
10.24
10.03
10.07
10.11
10.13
10.06
10.06
10.03
10.07
10.53
10.06
9.99
9.93
10.08
10.08
10.09
10.37
10.2
9.99
10.03
10.25
10.05
9.99
10
9.9
10.13
10.12
10.38
10.34
10.39
10.07
10.05
10.33
10.01
10.06
10.01
10.19
10.48
10.17
10.16
10.14
10.53
10.48
10.12
10.28
10.21
10.14
10.07
10.12
10.05
10.16
10.12
10.03
10.03
9.95
9.98
10.26
10.13
10.17
10.12
10.07
10.2
10.35
10.12
10.31
10.2
10.03
9.99
9.99
10.12
10.41
10.34
10.18
10.26
10.84
10.57
10.19
10.14
10.58
10.39
10.07
10.17
10.31
10.41
9.93
9.9
10.2
10.14
10.19
10.27
10.12
10.12
9.93
9.94
10.08
10.13
10.07
10.39
10.03
10.26
10.03
9.98
10
9.97
10.26
10.09
9.97
10.02
10.08
10.02
10.13
10.07
10
9.92
9.92
9.88
10.09
10.07
10.02
10.07
10.11
10.05
10.05
10.03
10.01
10.03
10.18
10.19
10.12
10.09
10.02
9.95
9.94
9.91
10.08
10.11
10.32
10.27
10.1
10.09
10.19
10.21
9.98
9.97
10.36
10.17
10.08
10.09
10.19
10.12
10.43
10.31
10.04
10.41
10.08
10.02
10.15
10.11
10.17
10.13
10.19
10.18
10.09
10.15
10.17
10.22
10.13
10.16
10.07
10.22
10.04
10.09
10.23
10.21
10.18
10.11
10.29
10.18
10.12
10.58
10.02
10.04
10.12
10.12
10.18
10.17
10.08
10.12
10.15
10.15
10.16
10.19
10.1
10.09
10.03
10.2
10.37
10.39
10.33
10.26
10.43
10.21
10.18
10.12
10.12
10.47
10.03
10.01
10.19
10.25
10.1
10.26
10.36
10.32
10.34
10.49
10.11
10.02
10.13
10.22
10.34
10.37
10.06
10.12
10.29
10.18
10.57
10.41
10.18
10.05
10.15
10.32
10.06
10.34
10.24
10.27
10.45
10.79
10.1
10.12
10.24
10.03
10.03
10.12
10.08
10.13
10.12
10.12
10.12
10.22
10.32
10.14
10.07
10.07
10.46
10.65
10.06
10.1
10.1
10.13
10.38
10.36
10.1
10.1
10.88
10.49
9.96
10
10.48
10.44
9.96
9.95
9.97
10.02
10.47
10.11
10.21
10.04
10.14
10.46
10.6
10.12
10.08
10.52
10.34
10.21
10.25
10.51
10.43
10.18
10.12
10.66
10.26
10.31
10.43
10.27
10.19
10.12
10.1
10.06
10.03
10.03
10.1
10.09
10.11
10.11
10.18
10.08
10.18
10.07
10.18
10.17
10.08
10.06
10.13
10.19
10.17
10.33
10.1
10.02
10.32
10.15
9.93
9.98
10.19
10.34
10.24
10.05
10.1
10.59
9.9
10.02
10.02
10.08
10.13
10.12
10.15
10.1
10.08
10.11
10.03
10.19
10.22
10.09
10.12
10
9.95
9.98
9.96
10.11
10.09
9.91
9.89
10.17
10.12
10.02
9.99
9.87
9.9
10
10.04
10.14
10.09
10.19
9.67
9.74
10.31
10.07
10.5
10.53
10.06
10.06
9.89
9.9
10.04
10.1
10.1
10.09
10.04
10.1
10.33
10.38
10.25
10.47
10.13
10.2
10.2
10.19
10.23
10.22
10.22
10.41
10.23
9.85
10.12
10.06
10.09
10.04
10.07
10.07
10.01
9.98
10.02
10.18
10.33
10.3
10.05
10.03
10.16
10.12
10.2
10.27
10.25
10.19
10.06
10.15
10.01
9.94
10.08
10.1
10.09
10.11
10.14
10.04
10.02
10.05
10.23
10.26
10.03
10.03
10
10.03
10.25
10.28
9.95
10.04
9.97
10.01
9.92
9.94
9.9
9.96
10.01
10.01
9.94
9.93
9.96
10.04
10.01
10.01
9.94
10.22
10.15
10.09
9.94
10.01
9.96
10.05
9.94
10.11
10.18
10.13
10.13
10.13
9.96
10.04
10.02
9.81
9.85
10.03
9.96
9.94
10.04
10.09
10.09
10.05
9.92
10.56
10.47
9.96
10.01
9.97
10.01
9.98
9.96
10
9.99
10.01
10.08
9.95
9.9
9.97
9.92
10.17
10.18
9.88
9.93
9.82
9.94
10.37
10.09
10.02
10.16
9.97
9.86
10.47
10.16
9.68
9.81
10
10.07
10.11
10.17
10.18
10.18
10.11
10.12
10.08
10.02
10.01
10.01
10.01
10.05
9.98
10.03
10.15
10.13
10.05
9.95
10
10
10.09
10.03
10.12
10.07
10.06
10.06
10.05
10.07
10.1
10.01
10.01
10.03
10.02
10.1
10.05
10.08
10.08
10.21
10.03
9.92
10.02
10.01
9.97
9.92
10.12
10.05
10.21
10.22
10.08
10.1
9.82
9.76
10.23
10.15
10.11
10.09
10.12
10.1
10
9.97
10.16
10.34
10.12
10.16
10.15
10.14
10.14
10.06
10.05
10.17
10.14
10.08
10.09
10.12
9.91
9.79
10.18
10.14
10.1
10.11
10.15
10.1
10.18
10.05
10.14
10.23
10.08
10.15
9.96
9.94
10.02
10
9.99
10
9.78
9.83
9.96
9.95
10.18
10.13
9.96
9.8
10.13
10.31
10.01
10
10.07
10.2
10.15
10.03
10.07
10.08
10.11
10
10.05
10.03
10.42
10.12
10.27
10.07
10.1
10.11
10.07
10.02
10.21
9.95
10.06
9.96
9.78
9.76
10.07
9.98
9.76
9.71
10.1
10.09
10.27
10.09
10.04
10.04
10.07
9.98
10.1
10.11
10.19
10.07
10.06
10.04
9.87
9.82
10.03
10.16
10.05
10.1
10.04
10.11
10
10.12
10.04
10.02
10.09
10.05
10.08
10.04
10.08
10.03
10.03
10.12
10.08
10.06
10
10.01
10.4
10.22
10.05
10.15
10.16
10.09
10.05
10.27
10.26
9.89
9.93
10.03
10.11
10.12
10.1
10.12
10.09
10.04
10.13
10.12
10.14
10.1
10.09
10.14
10.14
10.09
9.94
10.17
10.6
10.44
10.24
10.22
10.03
10.2
10.07
10.01
9.93
9.94
10.06
10.06
10.04
9.87
10.09
10.14
10.11
10.07
9.82
9.91
