  1979.000000000  3.360839844e+02
  1979.020832985  3.363192444e+02
  1979.041667015  3.365543823e+02
  1979.062500000  3.367720947e+02
  1979.083332985  3.369635620e+02
  1979.104167015  3.371272888e+02
  1979.125000000  3.372663879e+02
  1979.145832985  3.373907471e+02
  1979.166667015  3.375104980e+02
  1979.187500000  3.377020264e+02
  1979.208332985  3.378509827e+02
  1979.229167015  3.380008545e+02
  1979.250000000  3.381369629e+02
  1979.270832985  3.382470093e+02
  1979.291667015  3.383226013e+02
  1979.312500000  3.383597412e+02
  1979.333332985  3.383605347e+02
  1979.354167015  3.383364868e+02
  1979.375000000  3.382654114e+02
  1979.395832985  3.381509705e+02
  1979.416667015  3.379800415e+02
  1979.437500000  3.377399292e+02
  1979.458332985  3.374192200e+02
  1979.479167015  3.370148315e+02
  1979.500000000  3.365435791e+02
  1979.520832985  3.360312500e+02
  1979.541667015  3.355137939e+02
  1979.562500000  3.350396118e+02
  1979.583332985  3.346435547e+02
  1979.604167015  3.343678894e+02
  1979.625000000  3.342255859e+02
  1979.645832985  3.342159729e+02
  1979.666667015  3.344643555e+02
  1979.687500000  3.346723328e+02
  1979.708332985  3.349552002e+02
  1979.729167015  3.352882690e+02
  1979.750000000  3.356432495e+02
  1979.770832985  3.359998779e+02
  1979.791667015  3.363412476e+02
  1979.812500000  3.366494751e+02
  1979.833332985  3.369162292e+02
  1979.854167015  3.371378174e+02
  1979.875000000  3.373140564e+02
  1979.895832985  3.374546509e+02
  1979.916667015  3.375741882e+02
  1979.937500000  3.376324463e+02
  1979.958332985  3.377315063e+02
  1979.979167015  3.378747253e+02
  1980.000000000  3.380729675e+02
  1980.020832985  3.382748413e+02
  1980.041667015  3.384146729e+02
  1980.062500000  3.386322632e+02
  1980.083332985  3.388425293e+02
  1980.104167015  3.390294495e+02
  1980.125000000  3.391848145e+02
  1980.145832985  3.392754517e+02
  1980.166667015  3.393518066e+02
  1980.187500000  3.394111938e+02
  1980.208332985  3.394630737e+02
  1980.229167015  3.395275269e+02
  1980.250000000  3.396124573e+02
  1980.270832985  3.397229309e+02
  1980.291667015  3.398547974e+02
  1980.312500000  3.399849548e+02
  1980.333332985  3.401446533e+02
  1980.354167015  3.402601929e+02
  1980.375000000  3.403498230e+02
  1980.395832985  3.403510132e+02
  1980.416667015  3.402917480e+02
  1980.437500000  3.401485596e+02
  1980.458332985  3.399401855e+02
  1980.479167015  3.396120300e+02
  1980.500000000  3.391985474e+02
  1980.520832985  3.387562256e+02
  1980.541667015  3.383163452e+02
  1980.562500000  3.379129639e+02
  1980.583332985  3.375653687e+02
  1980.604167015  3.372841492e+02
  1980.625000000  3.370752258e+02
  1980.645832985  3.369350891e+02
  1980.666667015  3.368603210e+02
  1980.687500000  3.368505859e+02
  1980.708332985  3.368867798e+02
  1980.729167015  3.370461426e+02
  1980.750000000  3.371838379e+02
  1980.770832985  3.374156494e+02
  1980.791667015  3.376960449e+02
  1980.812500000  3.380018921e+02
  1980.833332985  3.383109741e+02
  1980.854167015  3.386026611e+02
  1980.875000000  3.388587036e+02
  1980.895832985  3.390745850e+02
  1980.916667015  3.392544556e+02
  1980.937500000  3.394066772e+02
  1980.958332985  3.395444336e+02
  1980.979167015  3.396788330e+02
  1981.000000000  3.398114319e+02
  1981.020832985  3.399505920e+02
  1981.041667015  3.400898132e+02
  1981.062500000  3.402254944e+02
  1981.083332985  3.403588867e+02
  1981.104167015  3.404945068e+02
  1981.125000000  3.406368713e+02
  1981.145832985  3.407909546e+02
  1981.166667015  3.409572754e+02
  1981.187500000  3.411279297e+02
  1981.208332985  3.412967529e+02
  1981.229167015  3.414342041e+02
  1981.250000000  3.415352783e+02
  1981.270832985  3.415934448e+02
  1981.291667015  3.415813599e+02
  1981.312500000  3.415575867e+02
  1981.333332985  3.415014648e+02
  1981.354167015  3.414182129e+02
  1981.375000000  3.413100281e+02
  1981.395832985  3.411726685e+02
  1981.416667015  3.409992371e+02
  1981.437500000  3.407823486e+02
  1981.458332985  3.405167847e+02
  1981.479167015  3.402023010e+02
  1981.500000000  3.398497620e+02
  1981.520832985  3.394713745e+02
  1981.541667015  3.390827026e+02
  1981.562500000  3.387247009e+02
  1981.583332985  3.383772583e+02
  1981.604167015  3.381595459e+02
  1981.625000000  3.379099426e+02
  1981.645832985  3.377381592e+02
  1981.666667015  3.376567993e+02
  1981.687500000  3.376744690e+02
  1981.708332985  3.377911072e+02
  1981.729167015  3.379996338e+02
  1981.750000000  3.382808228e+02
  1981.770832985  3.386108398e+02
  1981.791667015  3.389628906e+02
  1981.812500000  3.393051758e+02
  1981.833332985  3.396159058e+02
  1981.854167015  3.398811035e+02
  1981.875000000  3.400931702e+02
  1981.895832985  3.402585449e+02
  1981.916667015  3.403907166e+02
  1981.937500000  3.405057373e+02
  1981.958332985  3.406217651e+02
  1981.979167015  3.407531738e+02
  1982.000000000  3.409149170e+02
  1982.020832985  3.410855713e+02
  1982.041667015  3.412689819e+02
  1982.062500000  3.414503479e+02
  1982.083332985  3.416167297e+02
  1982.104167015  3.417585449e+02
  1982.125000000  3.418707275e+02
  1982.145832985  3.419579468e+02
  1982.166667015  3.420300903e+02
  1982.187500000  3.420285645e+02
  1982.208332985  3.421111755e+02
  1982.229167015  3.422021484e+02
  1982.250000000  3.422951965e+02
  1982.270832985  3.423797607e+02
  1982.291667015  3.424420166e+02
  1982.312500000  3.424702148e+02
  1982.333332985  3.424570007e+02
  1982.354167015  3.423994141e+02
  1982.375000000  3.422984314e+02
  1982.395832985  3.421547241e+02
  1982.416667015  3.419653931e+02
  1982.437500000  3.417345886e+02
  1982.458332985  3.414393921e+02
  1982.479167015  3.410782471e+02
  1982.500000000  3.406547546e+02
  1982.520832985  3.401766968e+02
  1982.541667015  3.396616821e+02
  1982.562500000  3.391444702e+02
  1982.583332985  3.386586914e+02
  1982.604167015  3.382399292e+02
  1982.625000000  3.379259033e+02
  1982.645832985  3.377391968e+02
  1982.666667015  3.376927490e+02
  1982.687500000  3.377861023e+02
  1982.708332985  3.380043335e+02
  1982.729167015  3.383237305e+02
  1982.750000000  3.387085571e+02
  1982.770832985  3.391257324e+02
  1982.791667015  3.395458679e+02
  1982.812500000  3.399405518e+02
  1982.833332985  3.402970276e+02
  1982.854167015  3.406111450e+02
  1982.875000000  3.408818970e+02
  1982.895832985  3.411176147e+02
  1982.916667015  3.413275146e+02
  1982.937500000  3.415172119e+02
  1982.958332985  3.416932983e+02
  1982.979167015  3.418596497e+02
  1983.000000000  3.420129395e+02
  1983.020832985  3.421571045e+02
  1983.041667015  3.422883301e+02
  1983.062500000  3.424069824e+02
  1983.083332985  3.425031738e+02
  1983.104167015  3.425819702e+02
  1983.125000000  3.426463623e+02
  1983.145832985  3.427037964e+02
  1983.166667015  3.427639160e+02
  1983.187500000  3.428352356e+02
  1983.208332985  3.429243774e+02
  1983.229167015  3.430335083e+02
  1983.250000000  3.431576843e+02
  1983.270832985  3.432893066e+02
  1983.291667015  3.434187012e+02
  1983.312500000  3.435350647e+02
  1983.333332985  3.436314697e+02
  1983.354167015  3.437030640e+02
  1983.375000000  3.437446594e+02
  1983.395832985  3.437509460e+02
  1983.416667015  3.437127686e+02
  1983.437500000  3.436187439e+02
  1983.458332985  3.434561768e+02
  1983.479167015  3.432143555e+02
  1983.500000000  3.428933716e+02
  1983.520832985  3.425009155e+02
  1983.541667015  3.420552979e+02
  1983.562500000  3.415915527e+02
  1983.583332985  3.411445923e+02
  1983.604167015  3.407500916e+02
  1983.625000000  3.404449463e+02
  1983.645832985  3.402508545e+02
  1983.666667015  3.401799927e+02
  1983.687500000  3.402330933e+02
  1983.708332985  3.403980713e+02
  1983.729167015  3.406555176e+02
  1983.750000000  3.409753418e+02
  1983.770832985  3.413276672e+02
  1983.791667015  3.416835327e+02
  1983.812500000  3.420132141e+02
  1983.833332985  3.423002319e+02
  1983.854167015  3.425377808e+02
  1983.875000000  3.427274780e+02
  1983.895832985  3.428840332e+02
  1983.916667015  3.430276794e+02
  1983.937500000  3.431770325e+02
  1983.958332985  3.433480835e+02
  1983.979167015  3.435481262e+02
  1984.000000000  3.437854004e+02
  1984.020832985  3.440175171e+02
  1984.041667015  3.442442627e+02
  1984.062500000  3.444436340e+02
  1984.083332985  3.446010437e+02
  1984.104167015  3.447087402e+02
  1984.125000000  3.447661743e+02
  1984.145832985  3.447819824e+02
  1984.166667015  3.447695312e+02
  1984.187500000  3.447448730e+02
  1984.208332985  3.449171753e+02
  1984.229167015  3.449215088e+02
  1984.250000000  3.449515991e+02
  1984.270832985  3.450085449e+02
  1984.291667015  3.450872192e+02
  1984.312500000  3.451746826e+02
  1984.333332985  3.452561035e+02
  1984.354167015  3.453032227e+02
  1984.375000000  3.452940063e+02
  1984.395832985  3.452123413e+02
  1984.416667015  3.450494385e+02
  1984.437500000  3.448098755e+02
  1984.458332985  3.445065918e+02
  1984.479167015  3.441582947e+02
  1984.500000000  3.437922058e+02
  1984.520832985  3.434287109e+02
  1984.541667015  3.430833130e+02
  1984.562500000  3.427710571e+02
  1984.583332985  3.424973145e+02
  1984.604167015  3.422664490e+02
  1984.625000000  3.420860596e+02
  1984.645832985  3.419618835e+02
  1984.666667015  3.419012451e+02
  1984.687500000  3.419105530e+02
  1984.708332985  3.419912109e+02
  1984.729167015  3.421403198e+02
  1984.750000000  3.423469849e+02
  1984.770832985  3.425998535e+02
  1984.791667015  3.429029846e+02
  1984.812500000  3.432006226e+02
  1984.833332985  3.435037231e+02
  1984.854167015  3.438043823e+02
  1984.875000000  3.440916138e+02
  1984.895832985  3.443583984e+02
  1984.916667015  3.445964966e+02
  1984.937500000  3.447941895e+02
  1984.958332985  3.449456787e+02
  1984.979167015  3.450496216e+02
  1985.000000000  3.451870728e+02
  1985.020832985  3.452303467e+02
  1985.041667015  3.452607422e+02
  1985.062500000  3.453021851e+02
  1985.083332985  3.453773499e+02
  1985.104167015  3.455022888e+02
  1985.125000000  3.456793823e+02
  1985.145832985  3.458997192e+02
  1985.166667015  3.461438904e+02
  1985.187500000  3.463826904e+02
  1985.208332985  3.465908813e+02
  1985.229167015  3.467491455e+02
  1985.250000000  3.468297424e+02
  1985.270832985  3.468695679e+02
  1985.291667015  3.468650818e+02
  1985.312500000  3.468321228e+02
  1985.333332985  3.467850647e+02
  1985.354167015  3.467592468e+02
  1985.375000000  3.467039185e+02
  1985.395832985  3.466027222e+02
  1985.416667015  3.464989014e+02
  1985.437500000  3.463503418e+02
  1985.458332985  3.462674561e+02
  1985.479167015  3.460115967e+02
  1985.500000000  3.456880493e+02
  1985.520832985  3.453060913e+02
  1985.541667015  3.448783569e+02
  1985.562500000  3.444290161e+02
  1985.583332985  3.439888000e+02
  1985.604167015  3.435874023e+02
  1985.625000000  3.432627258e+02
  1985.645832985  3.431306763e+02
  1985.666667015  3.429710388e+02
  1985.687500000  3.430393066e+02
  1985.708332985  3.432289734e+02
  1985.729167015  3.435178223e+02
  1985.750000000  3.438673706e+02
  1985.770832985  3.442012329e+02
  1985.791667015  3.445715332e+02
  1985.812500000  3.449151611e+02
  1985.833332985  3.452207642e+02
  1985.854167015  3.454863892e+02
  1985.875000000  3.457140198e+02
  1985.895832985  3.459146118e+02
  1985.916667015  3.461000061e+02
  1985.937500000  3.462772522e+02
  1985.958332985  3.464515381e+02
  1985.979167015  3.466225586e+02
  1986.000000000  3.467866211e+02
  1986.020832985  3.469201660e+02
  1986.041667015  3.470282593e+02
  1986.062500000  3.471065674e+02
  1986.083332985  3.471582642e+02
  1986.104167015  3.471921082e+02
  1986.125000000  3.472212524e+02
  1986.145832985  3.472681274e+02
  1986.166667015  3.473304443e+02
  1986.187500000  3.474200439e+02
  1986.208332985  3.475347900e+02
  1986.229167015  3.478326721e+02
  1986.250000000  3.479488525e+02
  1986.270832985  3.480550537e+02
  1986.291667015  3.481448364e+02
  1986.312500000  3.482134399e+02
  1986.333332985  3.482590332e+02
  1986.354167015  3.482787476e+02
  1986.375000000  3.482636719e+02
  1986.395832985  3.482144775e+02
  1986.416667015  3.480624390e+02
  1986.437500000  3.479328308e+02
  1986.458332985  3.477326050e+02
  1986.479167015  3.474506836e+02
  1986.500000000  3.470913086e+02
  1986.520832985  3.466682434e+02
  1986.541667015  3.462109985e+02
  1986.562500000  3.457574463e+02
  1986.583332985  3.453440552e+02
  1986.604167015  3.450036621e+02
  1986.625000000  3.447644653e+02
  1986.645832985  3.446547852e+02
  1986.666667015  3.444470825e+02
  1986.687500000  3.445266418e+02
  1986.708332985  3.447067261e+02
  1986.729167015  3.449652710e+02
  1986.750000000  3.452743530e+02
  1986.770832985  3.456108398e+02
  1986.791667015  3.459549561e+02
  1986.812500000  3.462860107e+02
  1986.833332985  3.465922241e+02
  1986.854167015  3.470726929e+02
  1986.875000000  3.472807617e+02
  1986.895832985  3.474391174e+02
  1986.916667015  3.475573120e+02
  1986.937500000  3.476485901e+02
  1986.958332985  3.477142029e+02
  1986.979167015  3.477053833e+02
  1987.000000000  3.477076416e+02
  1987.020832985  3.478100586e+02
  1987.041667015  3.479317627e+02
  1987.062500000  3.480159302e+02
  1987.083332985  3.481582031e+02
  1987.104167015  3.483236084e+02
  1987.125000000  3.484515991e+02
  1987.145832985  3.486344910e+02
  1987.166667015  3.488176270e+02
  1987.187500000  3.490034485e+02
  1987.208332985  3.492050476e+02
  1987.229167015  3.493870239e+02
  1987.250000000  3.495554199e+02
  1987.270832985  3.497598267e+02
  1987.291667015  3.499091797e+02
  1987.312500000  3.500363770e+02
  1987.333332985  3.501300659e+02
  1987.354167015  3.501960449e+02
  1987.375000000  3.502337952e+02
  1987.395832985  3.501804504e+02
  1987.416667015  3.500350342e+02
  1987.437500000  3.498041687e+02
  1987.458332985  3.493894653e+02
  1987.479167015  3.490516357e+02
  1987.500000000  3.486656494e+02
  1987.520832985  3.482367859e+02
  1987.541667015  3.478031006e+02
  1987.562500000  3.473912964e+02
  1987.583332985  3.471047974e+02
  1987.604167015  3.467671509e+02
  1987.625000000  3.465175171e+02
  1987.645832985  3.463630676e+02
  1987.666667015  3.463231201e+02
  1987.687500000  3.463957214e+02
  1987.708332985  3.465783997e+02
  1987.729167015  3.468474426e+02
  1987.750000000  3.471873169e+02
  1987.770832985  3.475404053e+02
  1987.791667015  3.479179382e+02
  1987.812500000  3.482785950e+02
  1987.833332985  3.486183472e+02
  1987.854167015  3.489312134e+02
  1987.875000000  3.492133179e+02
  1987.895832985  3.494693298e+02
  1987.916667015  3.497019653e+02
  1987.937500000  3.499368286e+02
  1987.958332985  3.501845093e+02
  1987.979167015  3.503732910e+02
  1988.000000000  3.505192871e+02
  1988.020832985  3.507144775e+02
  1988.041667015  3.508522339e+02
  1988.062500000  3.510434265e+02
  1988.083332985  3.511912231e+02
  1988.104167015  3.513351440e+02
  1988.125000000  3.514457092e+02
  1988.145832985  3.515307007e+02
  1988.166667015  3.516304932e+02
  1988.187500000  3.517228394e+02
  1988.208332985  3.518201599e+02
  1988.229167015  3.518791504e+02
  1988.250000000  3.520208740e+02
  1988.270832985  3.521479492e+02
  1988.291667015  3.522713013e+02
  1988.312500000  3.523825073e+02
  1988.333332985  3.524752502e+02
  1988.354167015  3.524974976e+02
  1988.375000000  3.524527588e+02
  1988.395832985  3.524022827e+02
  1988.416667015  3.522560120e+02
  1988.437500000  3.520543823e+02
  1988.458332985  3.517893066e+02
  1988.479167015  3.514684448e+02
  1988.500000000  3.510959473e+02
  1988.520832985  3.506842041e+02
  1988.541667015  3.502539062e+02
  1988.562500000  3.498410950e+02
  1988.583332985  3.494727173e+02
  1988.604167015  3.491896362e+02
  1988.625000000  3.490027466e+02
  1988.645832985  3.489045105e+02
  1988.666667015  3.489161377e+02
  1988.687500000  3.490220337e+02
  1988.708332985  3.492179871e+02
  1988.729167015  3.494828491e+02
  1988.750000000  3.497882690e+02
  1988.770832985  3.501177368e+02
  1988.791667015  3.504506226e+02
  1988.812500000  3.507799683e+02
  1988.833332985  3.511285400e+02
  1988.854167015  3.513923340e+02
  1988.875000000  3.516365051e+02
  1988.895832985  3.518681946e+02
  1988.916667015  3.520938416e+02
  1988.937500000  3.523131409e+02
  1988.958332985  3.525233765e+02
  1988.979167015  3.526674194e+02
  1989.000000000  3.527822876e+02
  1989.020832985  3.529194641e+02
  1989.041667015  3.530001221e+02
  1989.062500000  3.531749573e+02
  1989.083332985  3.532730713e+02
  1989.104167015  3.533320007e+02
  1989.125000000  3.535003052e+02
  1989.145832985  3.536133423e+02
  1989.166667015  3.537438354e+02
  1989.187500000  3.538915405e+02
  1989.208332985  3.540442505e+02
  1989.229167015  3.541810913e+02
  1989.250000000  3.542984924e+02
  1989.270832985  3.543900757e+02
  1989.291667015  3.544454956e+02
  1989.312500000  3.544727173e+02
  1989.333332985  3.544422302e+02
  1989.354167015  3.543689880e+02
  1989.375000000  3.542532349e+02
  1989.395832985  3.541142883e+02
  1989.416667015  3.539066772e+02
  1989.437500000  3.536472778e+02
  1989.458332985  3.533321533e+02
  1989.479167015  3.529598083e+02
  1989.500000000  3.525397034e+02
  1989.520832985  3.520834351e+02
  1989.541667015  3.515629272e+02
  1989.562500000  3.510813599e+02
  1989.583332985  3.506542664e+02
  1989.604167015  3.503143616e+02
  1989.625000000  3.500921936e+02
  1989.645832985  3.500025940e+02
  1989.666667015  3.500479126e+02
  1989.687500000  3.502132568e+02
  1989.708332985  3.504687500e+02
  1989.729167015  3.507904053e+02
  1989.750000000  3.511434631e+02
  1989.770832985  3.514680176e+02
  1989.791667015  3.518174744e+02
  1989.812500000  3.521430359e+02
  1989.833332985  3.524591675e+02
  1989.854167015  3.527379761e+02
  1989.875000000  3.529952698e+02
  1989.895832985  3.532346802e+02
  1989.916667015  3.534572144e+02
  1989.937500000  3.536592407e+02
  1989.958332985  3.538538208e+02
  1989.979167015  3.540245361e+02
  1990.000000000  3.541596680e+02
  1990.020832985  3.542844543e+02
  1990.041667015  3.543976440e+02
  1990.062500000  3.545032959e+02
  1990.083332985  3.546041565e+02
  1990.104167015  3.546991577e+02
  1990.125000000  3.547865601e+02
  1990.145832985  3.548659058e+02
  1990.166667015  3.549386902e+02
  1990.187500000  3.550079041e+02
  1990.208332985  3.550789185e+02
  1990.229167015  3.551564026e+02
  1990.250000000  3.552436523e+02
  1990.270832985  3.553311768e+02
  1990.291667015  3.554279480e+02
  1990.312500000  3.554802856e+02
  1990.333332985  3.555004272e+02
  1990.354167015  3.554657593e+02
  1990.375000000  3.553638306e+02
  1990.395832985  3.551875305e+02
  1990.416667015  3.549296875e+02
  1990.437500000  3.546254578e+02
  1990.458332985  3.542665710e+02
  1990.479167015  3.538662109e+02
  1990.500000000  3.534455261e+02
  1990.520832985  3.530203247e+02
  1990.541667015  3.526061096e+02
  1990.562500000  3.522236328e+02
  1990.583332985  3.518915100e+02
  1990.604167015  3.516251221e+02
  1990.625000000  3.514370728e+02
  1990.645832985  3.513464966e+02
  1990.666667015  3.513455200e+02
  1990.687500000  3.514472961e+02
  1990.708332985  3.516483765e+02
  1990.729167015  3.519389648e+02
  1990.750000000  3.523255615e+02
  1990.770832985  3.527222290e+02
  1990.791667015  3.530932617e+02
  1990.812500000  3.534945068e+02
  1990.833332985  3.538418884e+02
  1990.854167015  3.541018982e+02
  1990.875000000  3.543636475e+02
  1990.895832985  3.545855713e+02
  1990.916667015  3.547759399e+02
  1990.937500000  3.549419250e+02
  1990.958332985  3.550928345e+02
  1990.979167015  3.552354431e+02
  1991.000000000  3.554070435e+02
  1991.020832985  3.555487061e+02
  1991.041667015  3.556613159e+02
  1991.062500000  3.557760925e+02
  1991.083332985  3.558802490e+02
  1991.104167015  3.559784241e+02
  1991.125000000  3.560744324e+02
  1991.145832985  3.561743164e+02
  1991.166667015  3.562836304e+02
  1991.187500000  3.564044800e+02
  1991.208332985  3.565368042e+02
  1991.229167015  3.566768799e+02
  1991.250000000  3.568148499e+02
  1991.270832985  3.569401550e+02
  1991.291667015  3.570409546e+02
  1991.312500000  3.571049805e+02
  1991.333332985  3.571635742e+02
  1991.354167015  3.571323853e+02
  1991.375000000  3.570484314e+02
  1991.395832985  3.569095764e+02
  1991.416667015  3.567124634e+02
  1991.437500000  3.564567261e+02
  1991.458332985  3.561077881e+02
  1991.479167015  3.557494507e+02
  1991.500000000  3.553417053e+02
  1991.520832985  3.548976440e+02
  1991.541667015  3.544313965e+02
  1991.562500000  3.539714355e+02
  1991.583332985  3.535423889e+02
  1991.604167015  3.531697388e+02
  1991.625000000  3.528811035e+02
  1991.645832985  3.526929321e+02
  1991.666667015  3.526156616e+02
  1991.687500000  3.526536865e+02
  1991.708332985  3.527950134e+02
  1991.729167015  3.529289551e+02
  1991.750000000  3.532214355e+02
  1991.770832985  3.535560913e+02
  1991.791667015  3.539072266e+02
  1991.812500000  3.542370300e+02
  1991.833332985  3.545563965e+02
  1991.854167015  3.548380432e+02
  1991.875000000  3.550756226e+02
  1991.895832985  3.552752380e+02
  1991.916667015  3.555476685e+02
  1991.937500000  3.557054443e+02
  1991.958332985  3.558579407e+02
  1991.979167015  3.560107117e+02
  1992.000000000  3.561610718e+02
  1992.020832985  3.562876282e+02
  1992.041667015  3.564031982e+02
  1992.062500000  3.565803223e+02
  1992.083332985  3.566577148e+02
  1992.104167015  3.567281189e+02
  1992.125000000  3.567960205e+02
  1992.145832985  3.568673096e+02
  1992.166667015  3.569476318e+02
  1992.187500000  3.570405884e+02
  1992.208332985  3.571453552e+02
  1992.229167015  3.572665405e+02
  1992.250000000  3.573995056e+02
  1992.270832985  3.575369263e+02
  1992.291667015  3.576672363e+02
  1992.312500000  3.577734985e+02
  1992.333332985  3.578392944e+02
  1992.354167015  3.578485107e+02
  1992.375000000  3.577887878e+02
  1992.395832985  3.576538391e+02
  1992.416667015  3.574421387e+02
  1992.437500000  3.571613464e+02
  1992.458332985  3.568200073e+02
  1992.479167015  3.564275513e+02
  1992.500000000  3.559999084e+02
  1992.520832985  3.555476685e+02
  1992.541667015  3.550820007e+02
  1992.562500000  3.546239624e+02
  1992.583332985  3.541915588e+02
  1992.604167015  3.538076172e+02
  1992.625000000  3.535022888e+02
  1992.645832985  3.532982788e+02
  1992.666667015  3.532134094e+02
  1992.687500000  3.532551880e+02
  1992.708332985  3.534159546e+02
  1992.729167015  3.536768799e+02
  1992.750000000  3.540053101e+02
  1992.770832985  3.543397827e+02
  1992.791667015  3.547091675e+02
  1992.812500000  3.550564575e+02
  1992.833332985  3.553694458e+02
  1992.854167015  3.556453857e+02
  1992.875000000  3.558959351e+02
  1992.895832985  3.561093750e+02
  1992.916667015  3.563032532e+02
  1992.937500000  3.564804382e+02
  1992.958332985  3.566435547e+02
  1992.979167015  3.567974548e+02
  1993.000000000  3.568892822e+02
  1993.020832985  3.570036621e+02
  1993.041667015  3.571040344e+02
  1993.062500000  3.571673584e+02
  1993.083332985  3.572481079e+02
  1993.104167015  3.573264160e+02
  1993.125000000  3.574060364e+02
  1993.145832985  3.574914551e+02
  1993.166667015  3.575869751e+02
  1993.187500000  3.576940918e+02
  1993.208332985  3.578137817e+02
  1993.229167015  3.579443970e+02
  1993.250000000  3.580784607e+02
  1993.270832985  3.582066040e+02
  1993.291667015  3.583164062e+02
  1993.312500000  3.583921204e+02
  1993.333332985  3.584158936e+02
  1993.354167015  3.583847656e+02
  1993.375000000  3.582870483e+02
  1993.395832985  3.581200562e+02
  1993.416667015  3.578851318e+02
  1993.437500000  3.575913696e+02
  1993.458332985  3.572477112e+02
  1993.479167015  3.568640442e+02
  1993.500000000  3.564567871e+02
  1993.520832985  3.560217285e+02
  1993.541667015  3.556041260e+02
  1993.562500000  3.552045898e+02
  1993.583332985  3.548377686e+02
  1993.604167015  3.545239868e+02
  1993.625000000  3.542804260e+02
  1993.645832985  3.540822754e+02
  1993.666667015  3.540433960e+02
  1993.687500000  3.541129761e+02
  1993.708332985  3.542847900e+02
  1993.729167015  3.545445251e+02
  1993.750000000  3.548663330e+02
  1993.770832985  3.552239380e+02
  1993.791667015  3.555925293e+02
  1993.812500000  3.559634705e+02
  1993.833332985  3.562894897e+02
  1993.854167015  3.565865784e+02
  1993.875000000  3.568378296e+02
  1993.895832985  3.570939941e+02
  1993.916667015  3.573200684e+02
  1993.937500000  3.575324707e+02
  1993.958332985  3.577437134e+02
  1993.979167015  3.579373474e+02
  1994.000000000  3.580350342e+02
  1994.020832985  3.582019348e+02
  1994.041667015  3.583319092e+02
  1994.062500000  3.584745789e+02
  1994.083332985  3.586421814e+02
  1994.104167015  3.587617188e+02
  1994.125000000  3.588700562e+02
  1994.145832985  3.589735718e+02
  1994.166667015  3.590673218e+02
  1994.187500000  3.591291809e+02
  1994.208332985  3.592116699e+02
  1994.229167015  3.592997742e+02
  1994.250000000  3.593911438e+02
  1994.270832985  3.594877625e+02
  1994.291667015  3.595826416e+02
  1994.312500000  3.596619263e+02
  1994.333332985  3.597142334e+02
  1994.354167015  3.597200012e+02
  1994.375000000  3.596622620e+02
  1994.395832985  3.595316772e+02
  1994.416667015  3.593248901e+02
  1994.437500000  3.590492249e+02
  1994.458332985  3.587153931e+02
  1994.479167015  3.583365479e+02
  1994.500000000  3.579327393e+02
  1994.520832985  3.575190125e+02
  1994.541667015  3.571588745e+02
  1994.562500000  3.567664490e+02
  1994.583332985  3.564070129e+02
  1994.604167015  3.560894775e+02
  1994.625000000  3.558267212e+02
  1994.645832985  3.557980347e+02
  1994.666667015  3.556899109e+02
  1994.687500000  3.557044983e+02
  1994.708332985  3.558235474e+02
  1994.729167015  3.560449524e+02
  1994.750000000  3.563518677e+02
  1994.770832985  3.567215881e+02
  1994.791667015  3.571375122e+02
  1994.812500000  3.575404663e+02
  1994.833332985  3.579064941e+02
  1994.854167015  3.583200073e+02
  1994.875000000  3.586096802e+02
  1994.895832985  3.588593750e+02
  1994.916667015  3.590771484e+02
  1994.937500000  3.592705688e+02
  1994.958332985  3.594481506e+02
  1994.979167015  3.595984802e+02
  1995.000000000  3.598330078e+02
  1995.020832985  3.598645020e+02
  1995.041667015  3.599755249e+02
  1995.062500000  3.601261597e+02
  1995.083332985  3.602395020e+02
  1995.104167015  3.603516541e+02
  1995.125000000  3.604615479e+02
  1995.145832985  3.605688477e+02
  1995.166667015  3.606741943e+02
  1995.187500000  3.607773132e+02
  1995.208332985  3.609559021e+02
  1995.229167015  3.610744629e+02
  1995.250000000  3.611876526e+02
  1995.270832985  3.613337402e+02
  1995.291667015  3.614354248e+02
  1995.312500000  3.614882812e+02
  1995.333332985  3.614997559e+02
  1995.354167015  3.614691772e+02
  1995.375000000  3.613369446e+02
  1995.395832985  3.612105103e+02
  1995.416667015  3.610343628e+02
  1995.437500000  3.608023376e+02
  1995.458332985  3.605171509e+02
  1995.479167015  3.601636963e+02
  1995.500000000  3.597620239e+02
  1995.520832985  3.592998047e+02
  1995.541667015  3.588354797e+02
  1995.562500000  3.583885803e+02
  1995.583332985  3.579945374e+02
  1995.604167015  3.576789856e+02
  1995.625000000  3.574769897e+02
  1995.645832985  3.573953857e+02
  1995.666667015  3.574389343e+02
  1995.687500000  3.575935669e+02
  1995.708332985  3.578481750e+02
  1995.729167015  3.581677246e+02
  1995.750000000  3.585283813e+02
  1995.770832985  3.589091187e+02
  1995.791667015  3.592922668e+02
  1995.812500000  3.596658936e+02
  1995.833332985  3.600195923e+02
  1995.854167015  3.603485413e+02
  1995.875000000  3.606451111e+02
  1995.895832985  3.609106445e+02
  1995.916667015  3.611445312e+02
  1995.937500000  3.613458862e+02
  1995.958332985  3.615191956e+02
  1995.979167015  3.616697693e+02
  1996.000000000  3.617556458e+02
  1996.020832985  3.618731995e+02
  1996.041667015  3.619968262e+02
  1996.062500000  3.621016235e+02
  1996.083332985  3.621902161e+02
  1996.104167015  3.622596436e+02
  1996.125000000  3.623455200e+02
  1996.145832985  3.624285583e+02
  1996.166667015  3.625106201e+02
  1996.187500000  3.625925293e+02
  1996.208332985  3.626697388e+02
  1996.229167015  3.627512207e+02
  1996.250000000  3.628268433e+02
  1996.270832985  3.629375305e+02
  1996.291667015  3.630052185e+02
  1996.312500000  3.630661011e+02
  1996.333332985  3.631182251e+02
  1996.354167015  3.631641235e+02
  1996.375000000  3.631780090e+02
  1996.395832985  3.631354675e+02
  1996.416667015  3.630744934e+02
  1996.437500000  3.629588928e+02
  1996.458332985  3.627807312e+02
  1996.479167015  3.625493164e+02
  1996.500000000  3.622381897e+02
  1996.520832985  3.618486633e+02
  1996.541667015  3.614382935e+02
  1996.562500000  3.610119934e+02
  1996.583332985  3.605903931e+02
  1996.604167015  3.601966858e+02
  1996.625000000  3.598604126e+02
  1996.645832985  3.596039429e+02
  1996.666667015  3.594396057e+02
  1996.687500000  3.594017944e+02
  1996.708332985  3.594780273e+02
  1996.729167015  3.596575623e+02
  1996.750000000  3.599154358e+02
  1996.770832985  3.602297363e+02
  1996.791667015  3.605049438e+02
  1996.812500000  3.608268433e+02
  1996.833332985  3.611157837e+02
  1996.854167015  3.613988037e+02
  1996.875000000  3.616514893e+02
  1996.895832985  3.618825684e+02
  1996.916667015  3.620996704e+02
  1996.937500000  3.623059692e+02
  1996.958332985  3.624998474e+02
  1996.979167015  3.626911011e+02
  1997.000000000  3.628609619e+02
  1997.020832985  3.630136108e+02
  1997.041667015  3.631382751e+02
  1997.062500000  3.632737122e+02
  1997.083332985  3.633595276e+02
  1997.104167015  3.634320068e+02
  1997.125000000  3.635060425e+02
  1997.145832985  3.635886841e+02
  1997.166667015  3.636427002e+02
  1997.187500000  3.637492065e+02
  1997.208332985  3.638357544e+02
  1997.229167015  3.639791260e+02
  1997.250000000  3.641230469e+02
  1997.270832985  3.642460938e+02
  1997.291667015  3.643685303e+02
  1997.312500000  3.644415588e+02
  1997.333332985  3.644720459e+02
  1997.354167015  3.644531555e+02
  1997.375000000  3.644639587e+02
  1997.395832985  3.643274536e+02
  1997.416667015  3.640897217e+02
  1997.437500000  3.638382263e+02
  1997.458332985  3.635392761e+02
  1997.479167015  3.631674805e+02
  1997.500000000  3.627456665e+02
  1997.520832985  3.623023682e+02
  1997.541667015  3.618032837e+02
  1997.562500000  3.613327026e+02
  1997.583332985  3.608901978e+02
  1997.604167015  3.605025024e+02
  1997.625000000  3.602011414e+02
  1997.645832985  3.600076599e+02
  1997.666667015  3.599379272e+02
  1997.687500000  3.599990234e+02
  1997.708332985  3.601851807e+02
  1997.729167015  3.604814148e+02
  1997.750000000  3.608598938e+02
  1997.770832985  3.612933960e+02
  1997.791667015  3.618052979e+02
  1997.812500000  3.622579956e+02
  1997.833332985  3.627192688e+02
  1997.854167015  3.631403809e+02
  1997.875000000  3.634908142e+02
  1997.895832985  3.638078308e+02
  1997.916667015  3.640906677e+02
  1997.937500000  3.643399353e+02
  1997.958332985  3.645525513e+02
  1997.979167015  3.647377014e+02
  1998.000000000  3.648919678e+02
  1998.020832985  3.649584656e+02
  1998.041667015  3.650357666e+02
  1998.062500000  3.650956421e+02
  1998.083332985  3.651494751e+02
  1998.104167015  3.652088013e+02
  1998.125000000  3.652825928e+02
  1998.145832985  3.653757324e+02
  1998.166667015  3.654890747e+02
  1998.187500000  3.656186829e+02
  1998.208332985  3.657601929e+02
  1998.229167015  3.659085999e+02
  1998.250000000  3.660569763e+02
  1998.270832985  3.662398682e+02
  1998.291667015  3.664837036e+02
  1998.312500000  3.665839233e+02
  1998.333332985  3.666734314e+02
  1998.354167015  3.667335205e+02
  1998.375000000  3.667360840e+02
  1998.395832985  3.667030945e+02
  1998.416667015  3.666079712e+02
  1998.437500000  3.664284058e+02
  1998.458332985  3.661676025e+02
  1998.479167015  3.658309631e+02
  1998.500000000  3.654382629e+02
  1998.520832985  3.650127869e+02
  1998.541667015  3.646455688e+02
  1998.562500000  3.643432617e+02
  1998.583332985  3.640052490e+02
  1998.604167015  3.637304077e+02
  1998.625000000  3.635621948e+02
  1998.645832985  3.634826050e+02
  1998.666667015  3.635072021e+02
  1998.687500000  3.635987854e+02
  1998.708332985  3.638024902e+02
  1998.729167015  3.640817261e+02
  1998.750000000  3.644163513e+02
  1998.770832985  3.647852173e+02
  1998.791667015  3.651674805e+02
  1998.812500000  3.655369873e+02
  1998.833332985  3.658790588e+02
  1998.854167015  3.661824341e+02
  1998.875000000  3.664493408e+02
  1998.895832985  3.666710205e+02
  1998.916667015  3.668905640e+02
  1998.937500000  3.670960693e+02
  1998.958332985  3.672946777e+02
  1998.979167015  3.674880981e+02
  1999.000000000  3.676458435e+02
  1999.020832985  3.678150635e+02
  1999.041667015  3.679654236e+02
  1999.062500000  3.680899048e+02
  1999.083332985  3.681928101e+02
  1999.104167015  3.682713013e+02
  1999.125000000  3.683406372e+02
  1999.145832985  3.684136963e+02
  1999.166667015  3.685007629e+02
  1999.187500000  3.686052856e+02
  1999.208332985  3.687248230e+02
  1999.229167015  3.688511963e+02
  1999.250000000  3.689707031e+02
  1999.270832985  3.690714111e+02
  1999.291667015  3.691436768e+02
  1999.312500000  3.691809082e+02
  1999.333332985  3.691812744e+02
  1999.354167015  3.691416626e+02
  1999.375000000  3.690649719e+02
  1999.395832985  3.689501343e+02
  1999.416667015  3.687775879e+02
  1999.437500000  3.685451050e+02
  1999.458332985  3.682462769e+02
  1999.479167015  3.678791809e+02
  1999.500000000  3.674515381e+02
  1999.520832985  3.669865112e+02
  1999.541667015  3.665080566e+02
  1999.562500000  3.660602417e+02
  1999.583332985  3.656538696e+02
  1999.604167015  3.653194275e+02
  1999.625000000  3.650801697e+02
  1999.645832985  3.649472961e+02
  1999.666667015  3.649265137e+02
  1999.687500000  3.650160522e+02
  1999.708332985  3.652066650e+02
  1999.729167015  3.654829102e+02
  1999.750000000  3.658211060e+02
  1999.770832985  3.661976929e+02
  1999.791667015  3.665893860e+02
  1999.812500000  3.669700623e+02
  1999.833332985  3.673253479e+02
  1999.854167015  3.676477356e+02
  1999.875000000  3.679323730e+02
  1999.895832985  3.681401062e+02
  1999.916667015  3.683607788e+02
  1999.937500000  3.685647583e+02
  1999.958332985  3.687296753e+02
  1999.979167015  3.689020691e+02
  2000.000000000  3.690050659e+02
  2000.020832985  3.691300964e+02
  2000.041667015  3.692282410e+02
  2000.062500000  3.693009949e+02
  2000.083332985  3.693556519e+02
  2000.104167015  3.694019165e+02
  2000.125000000  3.694513550e+02
  2000.145832985  3.694954224e+02
  2000.166667015  3.695913391e+02
  2000.187500000  3.696756592e+02
  2000.208332985  3.697785034e+02
  2000.229167015  3.698850708e+02
  2000.250000000  3.700025024e+02
  2000.270832985  3.701109924e+02
  2000.291667015  3.701985474e+02
  2000.312500000  3.702546082e+02
  2000.333332985  3.702693481e+02
  2000.354167015  3.702346802e+02
  2000.375000000  3.701163330e+02
  2000.395832985  3.699613647e+02
  2000.416667015  3.697571106e+02
  2000.437500000  3.694978943e+02
  2000.458332985  3.691962280e+02
  2000.479167015  3.688590698e+02
  2000.500000000  3.685075684e+02
  2000.520832985  3.681419678e+02
  2000.541667015  3.677828979e+02
  2000.562500000  3.674246826e+02
  2000.583332985  3.670954590e+02
  2000.604167015  3.668020935e+02
  2000.625000000  3.665657959e+02
  2000.645832985  3.664037170e+02
  2000.666667015  3.663296509e+02
  2000.687500000  3.663572083e+02
  2000.708332985  3.664890442e+02
  2000.729167015  3.667175293e+02
  2000.750000000  3.670230713e+02
  2000.770832985  3.673823853e+02
  2000.791667015  3.677705688e+02
  2000.812500000  3.681583252e+02
  2000.833332985  3.685325623e+02
  2000.854167015  3.688650513e+02
  2000.875000000  3.691535339e+02
  2000.895832985  3.693983459e+02
  2000.916667015  3.696041565e+02
  2000.937500000  3.697758789e+02
  2000.958332985  3.699229736e+02
  2000.979167015  3.700544434e+02
  2001.000000000  3.702710876e+02
  2001.020832985  3.703916626e+02
  2001.041667015  3.705149536e+02
  2001.062500000  3.706389771e+02
  2001.083332985  3.707662964e+02
  2001.104167015  3.708929443e+02
  2001.125000000  3.710145569e+02
  2001.145832985  3.711116943e+02
  2001.166667015  3.712166748e+02
  2001.187500000  3.713140259e+02
  2001.208332985  3.714074097e+02
  2001.229167015  3.714997559e+02
  2001.250000000  3.715899658e+02
  2001.270832985  3.716743164e+02
  2001.291667015  3.717445984e+02
  2001.312500000  3.717877502e+02
  2001.333332985  3.717917480e+02
  2001.354167015  3.717444458e+02
  2001.375000000  3.716986389e+02
  2001.395832985  3.715214844e+02
  2001.416667015  3.712878418e+02
  2001.437500000  3.710078735e+02
  2001.458332985  3.706913757e+02
  2001.479167015  3.703482971e+02
  2001.500000000  3.699927979e+02
  2001.520832985  3.696329041e+02
  2001.541667015  3.692731323e+02
  2001.562500000  3.689275208e+02
  2001.583332985  3.686058655e+02
  2001.604167015  3.683213196e+02
  2001.625000000  3.680947266e+02
  2001.645832985  3.679443970e+02
  2001.666667015  3.678885193e+02
  2001.687500000  3.679399414e+02
  2001.708332985  3.681111755e+02
  2001.729167015  3.684041748e+02
  2001.750000000  3.687649231e+02
  2001.770832985  3.691654663e+02
  2001.791667015  3.695662537e+02
  2001.812500000  3.699532166e+02
  2001.833332985  3.703087769e+02
  2001.854167015  3.706268616e+02
  2001.875000000  3.709071960e+02
  2001.895832985  3.711591797e+02
  2001.916667015  3.713920593e+02
  2001.937500000  3.716084595e+02
  2001.958332985  3.718091736e+02
  2001.979167015  3.720240173e+02
  2002.000000000  3.720936890e+02
  2002.020832985  3.722338867e+02
  2002.041667015  3.723510132e+02
  2002.062500000  3.724483948e+02
  2002.083332985  3.725352783e+02
  2002.104167015  3.726235657e+02
  2002.125000000  3.727196350e+02
  2002.145832985  3.728263550e+02
  2002.166667015  3.729419556e+02
  2002.187500000  3.730614014e+02
  2002.208332985  3.732449951e+02
  2002.229167015  3.733446350e+02
  2002.250000000  3.734420776e+02
  2002.270832985  3.735348816e+02
  2002.291667015  3.735633240e+02
  2002.312500000  3.735646362e+02
  2002.333332985  3.736637573e+02
  2002.354167015  3.736445923e+02
  2002.375000000  3.735745850e+02
  2002.395832985  3.734454041e+02
  2002.416667015  3.732511292e+02
  2002.437500000  3.729960327e+02
  2002.458332985  3.726891785e+02
  2002.479167015  3.723444824e+02
  2002.500000000  3.719837952e+02
  2002.520832985  3.716372681e+02
  2002.541667015  3.712207642e+02
  2002.562500000  3.708623047e+02
  2002.583332985  3.705468140e+02
  2002.604167015  3.702919312e+02
  2002.625000000  3.701187134e+02
  2002.645832985  3.700504761e+02
  2002.666667015  3.700855713e+02
  2002.687500000  3.702227478e+02
  2002.708332985  3.704994507e+02
  2002.729167015  3.707531433e+02
  2002.750000000  3.710714417e+02
  2002.770832985  3.714168701e+02
  2002.791667015  3.717738037e+02
  2002.812500000  3.721445618e+02
  2002.833332985  3.724929810e+02
  2002.854167015  3.728243408e+02
  2002.875000000  3.731304321e+02
  2002.895832985  3.734103699e+02
  2002.916667015  3.736648560e+02
  2002.937500000  3.738989868e+02
  2002.958332985  3.741062012e+02
  2002.979167015  3.742937622e+02
  2003.000000000  3.744880981e+02
  2003.020832985  3.746477661e+02
  2003.041667015  3.747968750e+02
  2003.062500000  3.749356079e+02
  2003.083332985  3.750656128e+02
  2003.104167015  3.751878662e+02
  2003.125000000  3.753015442e+02
  2003.145832985  3.754083252e+02
  2003.166667015  3.755112000e+02
  2003.187500000  3.756131592e+02
  2003.208332985  3.757193298e+02
  2003.229167015  3.758341675e+02
  2003.250000000  3.759575806e+02
  2003.270832985  3.760864868e+02
  2003.291667015  3.762124634e+02
  2003.312500000  3.763206787e+02
  2003.333332985  3.763953247e+02
  2003.354167015  3.764203491e+02
  2003.375000000  3.763823853e+02
  2003.395832985  3.762739868e+02
  2003.416667015  3.760925903e+02
  2003.437500000  3.758439331e+02
  2003.458332985  3.755361328e+02
  2003.479167015  3.751791382e+02
  2003.500000000  3.747902222e+02
  2003.520832985  3.743832703e+02
  2003.541667015  3.739764404e+02
  2003.562500000  3.735643921e+02
  2003.583332985  3.731930542e+02
  2003.604167015  3.728850098e+02
  2003.625000000  3.726652222e+02
  2003.645832985  3.725487366e+02
  2003.666667015  3.725444641e+02
  2003.687500000  3.726513367e+02
  2003.708332985  3.728581238e+02
  2003.729167015  3.731545715e+02
  2003.750000000  3.734793091e+02
  2003.770832985  3.738398438e+02
  2003.791667015  3.742157898e+02
  2003.812500000  3.745838013e+02
  2003.833332985  3.749302673e+02
  2003.854167015  3.752466431e+02
  2003.875000000  3.755253296e+02
  2003.895832985  3.757686462e+02
  2003.916667015  3.759822388e+02
  2003.937500000  3.761713867e+02
  2003.958332985  3.763451843e+02
  2003.979167015  3.765111389e+02
  2004.000000000  3.767379761e+02
  2004.020832985  3.768807068e+02
  2004.041667015  3.770208740e+02
  2004.062500000  3.771565552e+02
  2004.083332985  3.772883911e+02
  2004.104167015  3.774157715e+02
  2004.125000000  3.775364380e+02
  2004.145832985  3.776509399e+02
  2004.166667015  3.777603760e+02
  2004.187500000  3.778645020e+02
  2004.208332985  3.779639893e+02
  2004.229167015  3.780588379e+02
  2004.250000000  3.781451416e+02
  2004.270832985  3.782463684e+02
  2004.291667015  3.783125305e+02
  2004.312500000  3.783587341e+02
  2004.333332985  3.783753052e+02
  2004.354167015  3.783518066e+02
  2004.375000000  3.782766724e+02
  2004.395832985  3.781480408e+02
  2004.416667015  3.779569702e+02
  2004.437500000  3.777050171e+02
  2004.458332985  3.773751831e+02
  2004.479167015  3.770446167e+02
  2004.500000000  3.766704102e+02
  2004.520832985  3.762591248e+02
  2004.541667015  3.758215942e+02
  2004.562500000  3.753804626e+02
  2004.583332985  3.749573364e+02
  2004.604167015  3.745774536e+02
  2004.625000000  3.742722473e+02
  2004.645832985  3.740640869e+02
  2004.666667015  3.739704590e+02
  2004.687500000  3.740000610e+02
  2004.708332985  3.741489563e+02
  2004.729167015  3.744047546e+02
  2004.750000000  3.747449341e+02
  2004.770832985  3.751380615e+02
  2004.791667015  3.755599365e+02
  2004.812500000  3.759797668e+02
  2004.833332985  3.763827209e+02
  2004.854167015  3.767451172e+02
  2004.875000000  3.770618896e+02
  2004.895832985  3.773341064e+02
  2004.916667015  3.775693970e+02
  2004.937500000  3.778373413e+02
  2004.958332985  3.780052185e+02
  2004.979167015  3.781562500e+02
  2005.000000000  3.782813721e+02
  2005.020832985  3.784112549e+02
  2005.041667015  3.785425415e+02
  2005.062500000  3.786758423e+02
  2005.083332985  3.788128357e+02
  2005.104167015  3.789367065e+02
  2005.125000000  3.790870056e+02
  2005.145832985  3.792426147e+02
  2005.166667015  3.794014893e+02
  2005.187500000  3.795575867e+02
  2005.208332985  3.797069092e+02
  2005.229167015  3.798458557e+02
  2005.250000000  3.799705811e+02
  2005.270832985  3.800849304e+02
  2005.291667015  3.801782532e+02
  2005.312500000  3.802540588e+02
  2005.333332985  3.803074951e+02
  2005.354167015  3.803488159e+02
  2005.375000000  3.803173218e+02
  2005.395832985  3.802291870e+02
  2005.416667015  3.800695190e+02
  2005.437500000  3.798300476e+02
  2005.458332985  3.795083313e+02
  2005.479167015  3.791100464e+02
  2005.500000000  3.786569214e+02
  2005.520832985  3.781729736e+02
  2005.541667015  3.776862488e+02
  2005.562500000  3.774071655e+02
  2005.583332985  3.770405884e+02
  2005.604167015  3.767157288e+02
  2005.625000000  3.764826965e+02
  2005.645832985  3.763393860e+02
  2005.666667015  3.762939453e+02
  2005.687500000  3.763502502e+02
  2005.708332985  3.765057373e+02
  2005.729167015  3.767545166e+02
  2005.750000000  3.770785217e+02
  2005.770832985  3.774587402e+02
  2005.791667015  3.778737183e+02
  2005.812500000  3.782952881e+02
  2005.833332985  3.787034607e+02
  2005.854167015  3.790829773e+02
  2005.875000000  3.793682251e+02
  2005.895832985  3.796548462e+02
  2005.916667015  3.799100342e+02
  2005.937500000  3.801393738e+02
  2005.958332985  3.803534546e+02
  2005.979167015  3.805585022e+02
  2006.000000000  3.807414246e+02
  2006.020832985  3.809223938e+02
  2006.041667015  3.810996094e+02
  2006.062500000  3.812637329e+02
  2006.083332985  3.814118652e+02
  2006.104167015  3.816050720e+02
  2006.125000000  3.817316284e+02
  2006.145832985  3.818456726e+02
  2006.166667015  3.819396973e+02
  2006.187500000  3.820249634e+02
  2006.208332985  3.821088867e+02
  2006.229167015  3.821966858e+02
  2006.250000000  3.822869263e+02
  2006.270832985  3.823773193e+02
  2006.291667015  3.824600830e+02
  2006.312500000  3.825228882e+02
  2006.333332985  3.825539551e+02
  2006.354167015  3.825415955e+02
  2006.375000000  3.824767761e+02
  2006.395832985  3.822827148e+02
  2006.416667015  3.821138000e+02
  2006.437500000  3.818847046e+02
  2006.458332985  3.816016846e+02
  2006.479167015  3.812471619e+02
  2006.500000000  3.808384399e+02
  2006.520832985  3.803780212e+02
  2006.541667015  3.798815308e+02
  2006.562500000  3.793815308e+02
  2006.583332985  3.789111023e+02
  2006.604167015  3.785066223e+02
  2006.625000000  3.782071838e+02
  2006.645832985  3.780363770e+02
  2006.666667015  3.780063782e+02
  2006.687500000  3.781138000e+02
  2006.708332985  3.783519897e+02
  2006.729167015  3.786694641e+02
  2006.750000000  3.790439758e+02
  2006.770832985  3.794452515e+02
  2006.791667015  3.798492432e+02
  2006.812500000  3.802341309e+02
  2006.833332985  3.805988464e+02
  2006.854167015  3.809279175e+02
  2006.875000000  3.812262573e+02
  2006.895832985  3.814989624e+02
  2006.916667015  3.817506409e+02
  2006.937500000  3.819815674e+02
  2006.958332985  3.821943970e+02
  2006.979167015  3.823908691e+02
  2007.000000000  3.825106201e+02
  2007.020832985  3.826716614e+02
  2007.041667015  3.828172607e+02
  2007.062500000  3.829494019e+02
  2007.083332985  3.830733643e+02
  2007.104167015  3.831943359e+02
  2007.125000000  3.833148193e+02
  2007.145832985  3.834304199e+02
  2007.166667015  3.835546875e+02
  2007.187500000  3.836763000e+02
  2007.208332985  3.837901306e+02
  2007.229167015  3.838901367e+02
  2007.250000000  3.839700317e+02
  2007.270832985  3.840270386e+02
  2007.291667015  3.840603027e+02
  2007.312500000  3.840698853e+02
  2007.333332985  3.840560303e+02
  2007.354167015  3.840162048e+02
  2007.375000000  3.839362183e+02
  2007.395832985  3.838269348e+02
  2007.416667015  3.836630249e+02
  2007.437500000  3.834338989e+02
  2007.458332985  3.831309814e+02
  2007.479167015  3.827526245e+02
  2007.500000000  3.823132935e+02
  2007.520832985  3.818330688e+02
  2007.541667015  3.813405762e+02
  2007.562500000  3.808766174e+02
  2007.583332985  3.804749146e+02
  2007.604167015  3.801652222e+02
  2007.625000000  3.799722290e+02
  2007.645832985  3.799043579e+02
  2007.666667015  3.799605103e+02
  2007.687500000  3.801372681e+02
  2007.708332985  3.803951416e+02
  2007.729167015  3.807221375e+02
  2007.750000000  3.810904541e+02
  2007.770832985  3.814785767e+02
  2007.791667015  3.818690491e+02
  2007.812500000  3.822433167e+02
  2007.833332985  3.825940247e+02
  2007.854167015  3.829193726e+02
  2007.875000000  3.832146606e+02
  2007.895832985  3.834874878e+02
  2007.916667015  3.837545471e+02
  2007.937500000  3.839898071e+02
  2007.958332985  3.842252808e+02
  2007.979167015  3.844515381e+02
  2008.000000000  3.846168213e+02
  2008.020832985  3.848134155e+02
  2008.041667015  3.849923706e+02
  2008.062500000  3.851587524e+02
  2008.083332985  3.852944641e+02
  2008.104167015  3.854114990e+02
  2008.125000000  3.854976196e+02
  2008.145832985  3.855715637e+02
  2008.166667015  3.856717529e+02
  2008.187500000  3.857757568e+02
  2008.208332985  3.858952026e+02
  2008.229167015  3.860089722e+02
  2008.250000000  3.861202393e+02
  2008.270832985  3.862198486e+02
  2008.291667015  3.863027344e+02
  2008.312500000  3.863587952e+02
  2008.333332985  3.864068604e+02
  2008.354167015  3.863876953e+02
  2008.375000000  3.862904663e+02
  2008.395832985  3.861580505e+02
  2008.416667015  3.859476624e+02
  2008.437500000  3.856802979e+02
  2008.458332985  3.853735962e+02
  2008.479167015  3.850241089e+02
  2008.500000000  3.846418457e+02
  2008.520832985  3.842513123e+02
  2008.541667015  3.838576050e+02
  2008.562500000  3.834827271e+02
  2008.583332985  3.830798950e+02
  2008.604167015  3.827395630e+02
  2008.625000000  3.824738159e+02
  2008.645832985  3.822771606e+02
  2008.666667015  3.821632080e+02
  2008.687500000  3.821445007e+02
  2008.708332985  3.822263184e+02
  2008.729167015  3.824053040e+02
  2008.750000000  3.826761475e+02
  2008.770832985  3.830224609e+02
  2008.791667015  3.834115601e+02
  2008.812500000  3.838184814e+02
  2008.833332985  3.842211304e+02
  2008.854167015  3.846031799e+02
  2008.875000000  3.849500732e+02
  2008.895832985  3.852606812e+02
  2008.916667015  3.855390625e+02
  2008.937500000  3.857885132e+02
  2008.958332985  3.860205688e+02
  2008.979167015  3.862406311e+02
  2009.000000000  3.864600830e+02
  2009.020832985  3.866463623e+02
  2009.041667015  3.868168335e+02
  2009.062500000  3.869662476e+02
  2009.083332985  3.870927429e+02
  2009.104167015  3.871959534e+02
  2009.125000000  3.872687988e+02
  2009.145832985  3.873377686e+02
  2009.166667015  3.873619385e+02
  2009.187500000  3.874161377e+02
  2009.208332985  3.874785156e+02
  2009.229167015  3.875517883e+02
  2009.250000000  3.876325684e+02
  2009.270832985  3.877140808e+02
  2009.291667015  3.877864990e+02
  2009.312500000  3.878373108e+02
  2009.333332985  3.878554688e+02
  2009.354167015  3.878546753e+02
  2009.375000000  3.877808838e+02
  2009.395832985  3.876597595e+02
  2009.416667015  3.874452209e+02
  2009.437500000  3.871582642e+02
  2009.458332985  3.868011475e+02
  2009.479167015  3.863462524e+02
  2009.500000000  3.858392944e+02
  2009.520832985  3.853158875e+02
  2009.541667015  3.848016052e+02
  2009.562500000  3.843291321e+02
  2009.583332985  3.839214783e+02
  2009.604167015  3.835990601e+02
  2009.625000000  3.833817139e+02
  2009.645832985  3.832432861e+02
  2009.666667015  3.832606812e+02
  2009.687500000  3.834075928e+02
  2009.708332985  3.836384888e+02
  2009.729167015  3.839623718e+02
  2009.750000000  3.843532715e+02
  2009.770832985  3.847852783e+02
  2009.791667015  3.852342529e+02
  2009.812500000  3.856727905e+02
  2009.833332985  3.860848083e+02
  2009.854167015  3.864728394e+02
  2009.875000000  3.867957153e+02
  2009.895832985  3.870853882e+02
  2009.916667015  3.873342285e+02
  2009.937500000  3.875418701e+02
  2009.958332985  3.877326660e+02
  2009.979167015  3.879202271e+02
  2010.000000000  3.880848083e+02
  2010.020832985  3.882200012e+02
  2010.041667015  3.884328613e+02
  2010.062500000  3.886490784e+02
  2010.083332985  3.888432922e+02
  2010.104167015  3.890158997e+02
  2010.125000000  3.891528015e+02
  2010.145832985  3.892673340e+02
  2010.166667015  3.893559265e+02
  2010.187500000  3.894251099e+02
  2010.208332985  3.894856567e+02
  2010.229167015  3.895453186e+02
  2010.250000000  3.896166992e+02
  2010.270832985  3.897188416e+02
  2010.291667015  3.897951050e+02
  2010.312500000  3.898547363e+02
  2010.333332985  3.898809204e+02
  2010.354167015  3.898618774e+02
  2010.375000000  3.897882080e+02
  2010.395832985  3.896536865e+02
  2010.416667015  3.894532471e+02
  2010.437500000  3.891882324e+02
  2010.458332985  3.888614807e+02
  2010.479167015  3.884792175e+02
  2010.500000000  3.880701904e+02
  2010.520832985  3.876241455e+02
  2010.541667015  3.871824341e+02
  2010.562500000  3.867753906e+02
  2010.583332985  3.864275513e+02
  2010.604167015  3.861627808e+02
  2010.625000000  3.860026245e+02
  2010.645832985  3.859522400e+02
  2010.666667015  3.860194702e+02
  2010.687500000  3.861929932e+02
  2010.708332985  3.864616699e+02
  2010.729167015  3.868036499e+02
  2010.750000000  3.871961365e+02
  2010.770832985  3.876206970e+02
  2010.791667015  3.880530396e+02
  2010.812500000  3.884899597e+02
  2010.833332985  3.888723755e+02
  2010.854167015  3.892122803e+02
  2010.875000000  3.895014648e+02
  2010.895832985  3.897428894e+02
  2010.916667015  3.899102783e+02
  2010.937500000  3.900778503e+02
  2010.958332985  3.902286987e+02
  2010.979167015  3.903686523e+02
  2011.000000000  3.904888000e+02
  2011.020832985  3.906193848e+02
  2011.041667015  3.907449951e+02
  2011.062500000  3.908620605e+02
  2011.083332985  3.909767761e+02
  2011.104167015  3.911069031e+02
  2011.125000000  3.912004395e+02
  2011.145832985  3.911669312e+02
  2011.166667015  3.912611694e+02
  2011.187500000  3.913623657e+02
  2011.208332985  3.914643860e+02
  2011.229167015  3.915514221e+02
  2011.250000000  3.916532898e+02
  2011.270832985  3.917661743e+02
  2011.291667015  3.918537903e+02
  2011.312500000  3.919281006e+02
  2011.333332985  3.919594727e+02
  2011.354167015  3.919580688e+02
  2011.375000000  3.919122314e+02
  2011.395832985  3.918104248e+02
  2011.416667015  3.916564331e+02
  2011.437500000  3.913995361e+02
  2011.458332985  3.910374756e+02
  2011.479167015  3.905833130e+02
  2011.500000000  3.900835876e+02
  2011.520832985  3.895540161e+02
  2011.541667015  3.890266113e+02
  2011.562500000  3.885419312e+02
  2011.583332985  3.881296387e+02
  2011.604167015  3.878126221e+02
  2011.625000000  3.876181641e+02
  2011.645832985  3.875310059e+02
  2011.666667015  3.875790100e+02
  2011.687500000  3.877441711e+02
  2011.708332985  3.880127258e+02
  2011.729167015  3.883956909e+02
  2011.750000000  3.888115234e+02
  2011.770832985  3.892672119e+02
  2011.791667015  3.896735229e+02
  2011.812500000  3.900641174e+02
  2011.833332985  3.904262390e+02
  2011.854167015  3.907529297e+02
  2011.875000000  3.910186768e+02
  2011.895832985  3.913137817e+02
  2011.916667015  3.915424805e+02
  2011.937500000  3.917072144e+02
  2011.958332985  3.918685913e+02
  2011.979167015  3.920161133e+02
  2012.000000000  3.921653137e+02
  2012.020832985  3.922957153e+02
  2012.041667015  3.924289856e+02
  2012.062500000  3.925664673e+02
  2012.083332985  3.927157593e+02
  2012.104167015  3.928697205e+02
  2012.125000000  3.930224304e+02
  2012.145832985  3.931804810e+02
  2012.166667015  3.933187561e+02
  2012.187500000  3.934587097e+02
  2012.208332985  3.935573425e+02
  2012.229167015  3.936432495e+02
  2012.250000000  3.937170715e+02
  2012.270832985  3.937787476e+02
  2012.291667015  3.938250427e+02
  2012.312500000  3.938495789e+02
  2012.333332985  3.938941345e+02
  2012.354167015  3.938200073e+02
  2012.375000000  3.937369995e+02
  2012.395832985  3.935872192e+02
  2012.416667015  3.933645020e+02
  2012.437500000  3.930697327e+02
  2012.458332985  3.927056274e+02
  2012.479167015  3.922797241e+02
  2012.500000000  3.918125916e+02
  2012.520832985  3.913258667e+02
  2012.541667015  3.908114319e+02
  2012.562500000  3.904600830e+02
  2012.583332985  3.900897522e+02
  2012.604167015  3.898156128e+02
  2012.625000000  3.896645813e+02
  2012.645832985  3.896483765e+02
  2012.666667015  3.897531128e+02
  2012.687500000  3.899881592e+02
  2012.708332985  3.903243408e+02
  2012.729167015  3.907344360e+02
  2012.750000000  3.911179810e+02
  2012.770832985  3.915529785e+02
  2012.791667015  3.919843140e+02
  2012.812500000  3.923919067e+02
  2012.833332985  3.928082275e+02
  2012.854167015  3.931382446e+02
  2012.875000000  3.934282837e+02
  2012.895832985  3.936242065e+02
  2012.916667015  3.938562012e+02
  2012.937500000  3.940590515e+02
  2012.958332985  3.941730957e+02
  2012.979167015  3.943558350e+02
  2013.000000000  3.945616455e+02
  2013.020832985  3.947432861e+02
  2013.041667015  3.949175415e+02
  2013.062500000  3.950788269e+02
  2013.083332985  3.952268677e+02
  2013.104167015  3.953658142e+02
  2013.125000000  3.955022583e+02
  2013.145832985  3.956398926e+02
  2013.166667015  3.957814331e+02
  2013.187500000  3.959273071e+02
  2013.208332985  3.960765991e+02
  2013.229167015  3.962259521e+02
  2013.250000000  3.963678589e+02
  2013.270832985  3.964964600e+02
  2013.291667015  3.965464783e+02
  2013.312500000  3.966179810e+02
  2013.333332985  3.966574402e+02
  2013.354167015  3.966567688e+02
  2013.375000000  3.966102600e+02
  2013.395832985  3.965139771e+02
  2013.416667015  3.963646851e+02
  2013.437500000  3.961636963e+02
  2013.458332985  3.959125977e+02
  2013.479167015  3.956312256e+02
  2013.500000000  3.952957153e+02
  2013.520832985  3.948541870e+02
  2013.541667015  3.944790039e+02
  2013.562500000  3.940986938e+02
  2013.583332985  3.937269897e+02
  2013.604167015  3.933829956e+02
  2013.625000000  3.930948181e+02
  2013.645832985  3.928867188e+02
  2013.666667015  3.927813110e+02
  2013.687500000  3.927949219e+02
  2013.708332985  3.929300842e+02
  2013.729167015  3.931783447e+02
  2013.750000000  3.935203857e+02
  2013.770832985  3.939140015e+02
  2013.791667015  3.943356018e+02
  2013.812500000  3.947504883e+02
  2013.833332985  3.951380005e+02
  2013.854167015  3.954873657e+02
  2013.875000000  3.957927856e+02
  2013.895832985  3.960609741e+02
  2013.916667015  3.963003540e+02
  2013.937500000  3.965184937e+02
  2013.958332985  3.967235107e+02
  2013.979167015  3.969197388e+02
  2014.000000000  3.971087036e+02
  2014.020832985  3.972852783e+02
  2014.041667015  3.974431763e+02
  2014.062500000  3.975766602e+02
  2014.083332985  3.976842651e+02
  2014.104167015  3.977668152e+02
  2014.125000000  3.978272095e+02
  2014.145832985  3.978855896e+02
  2014.166667015  3.979236755e+02
  2014.187500000  3.979660339e+02
  2014.208332985  3.980225525e+02
  2014.229167015  3.980996704e+02
  2014.250000000  3.981972961e+02
  2014.270832985  3.983096924e+02
  2014.291667015  3.984245605e+02
  2014.312500000  3.985230713e+02
  2014.333332985  3.985860596e+02
  2014.354167015  3.985946655e+02
  2014.375000000  3.985343018e+02
  2014.395832985  3.983970947e+02
  2014.416667015  3.981812134e+02
  2014.437500000  3.978951416e+02
  2014.458332985  3.975504761e+02
  2014.479167015  3.971617737e+02
  2014.500000000  3.967516479e+02
  2014.520832985  3.963377075e+02
  2014.541667015  3.959364319e+02
  2014.562500000  3.955684814e+02
  2014.583332985  3.952464294e+02
  2014.604167015  3.949816895e+02
  2014.625000000  3.947877502e+02
  2014.645832985  3.946725464e+02
  2014.666667015  3.946436462e+02
  2014.687500000  3.947065430e+02
  2014.708332985  3.948619995e+02
  2014.729167015  3.951051331e+02
  2014.750000000  3.954249878e+02
  2014.770832985  3.958051147e+02
  2014.791667015  3.962239990e+02
  2014.812500000  3.965945740e+02
  2014.833332985  3.970068970e+02
  2014.854167015  3.973888245e+02
  2014.875000000  3.977219849e+02
  2014.895832985  3.980085449e+02
  2014.916667015  3.982482300e+02
  2014.937500000  3.984487305e+02
  2014.958332985  3.986243896e+02
  2014.979167015  3.987889404e+02
  2015.000000000  3.989874268e+02
  2015.020832985  3.991484680e+02
  2015.041667015  3.993145142e+02
  2015.062500000  3.994796143e+02
  2015.083332985  3.996383667e+02
  2015.104167015  3.997861938e+02
  2015.125000000  3.999194031e+02
  2015.145832985  4.000397339e+02
  2015.166667015  4.001515198e+02
  2015.187500000  4.002582703e+02
  2015.208332985  4.003639832e+02
  2015.229167015  4.004696655e+02
  2015.250000000  4.005714722e+02
  2015.270832985  4.006639709e+02
  2015.291667015  4.007493286e+02
  2015.312500000  4.007971802e+02
  2015.333332985  4.008103027e+02
  2015.354167015  4.007723389e+02
  2015.375000000  4.006954651e+02
  2015.395832985  4.005659790e+02
  2015.416667015  4.003843079e+02
  2015.437500000  4.001418762e+02
  2015.458332985  3.998369446e+02
  2015.479167015  3.994650269e+02
  2015.500000000  3.990365295e+02
  2015.520832985  3.985755310e+02
  2015.541667015  3.981043701e+02
  2015.562500000  3.976574097e+02
  2015.583332985  3.972639771e+02
  2015.604167015  3.969522095e+02
  2015.625000000  3.967489929e+02
  2015.645832985  3.966645813e+02
  2015.666667015  3.967034302e+02
  2015.687500000  3.968578491e+02
  2015.708332985  3.970699463e+02
  2015.729167015  3.973869019e+02
  2015.750000000  3.977636719e+02
  2015.770832985  3.981786194e+02
  2015.791667015  3.986134949e+02
  2015.812500000  3.990477600e+02
  2015.833332985  3.994642944e+02
  2015.854167015  3.998746643e+02
  2015.875000000  4.002596436e+02
  2015.895832985  4.006228027e+02
  2015.916667015  4.009605103e+02
  2015.937500000  4.012671509e+02
  2015.958332985  4.015428162e+02
  2015.979167015  4.017917175e+02
  2016.000000000  4.020192871e+02
  2016.020832985  4.022141113e+02
  2016.041667015  4.024032288e+02
  2016.062500000  4.025815430e+02
  2016.083332985  4.027529602e+02
  2016.104167015  4.029964294e+02
  2016.125000000  4.032092590e+02
  2016.145832985  4.035471191e+02
  2016.166667015  4.036990967e+02
  2016.187500000  4.038258057e+02
  2016.208332985  4.038414612e+02
  2016.229167015  4.041254272e+02
  2016.250000000  4.042479553e+02
  2016.270832985  4.042520142e+02
  2016.291667015  4.039752197e+02
  2016.312500000  4.038039551e+02
  2016.333332985  4.036107178e+02
