1985.45890411
1985.47808219
1985.49726027
1985.51643836
1985.53561644
1985.55479452
1985.57397260
1985.59315068
1985.61232877
1985.63150685
1985.65068493
1985.66986301
1985.68904110
1985.70821918
1985.72739726
1985.74657534
1985.76575342
1985.78493151
1985.80410959
1985.82328767
1985.84246575
1985.86164384
1985.88082192
1985.90000000
1985.91917808
1985.93835616
1985.95753425
1985.97671233
1985.99589041
1986.01506849
1986.03424658
1986.05342466
1986.07260274
1986.09178082
1986.11095890
1986.13013699
1986.14931507
1986.16849315
1986.18767123
1986.20684932
1986.22602740
1986.24520548
1986.26438356
1986.28356164
1986.30273973
1986.32191781
1986.34109589
1986.36027397
1986.37945205
1986.39863014
1986.41780822
1986.43698630
1986.45616438
1986.47534247
1986.49452055
1986.51369863
1986.53287671
1986.55205479
1986.57123288
1986.59041096
1986.60958904
1986.62876712
1986.64794521
1986.66712329
1986.68630137
1986.70547945
1986.72465753
1986.74383562
1986.76301370
1986.78219178
1986.80136986
1986.82054795
1986.83972603
1986.85890411
1986.87808219
1986.89726027
1986.91643836
1986.93561644
1986.95479452
1986.97397260
1986.99315068
1987.01232877
1987.03150685
1987.05068493
1987.06986301
1987.08904110
1987.10821918
1987.12739726
1987.14657534
1987.16575342
1987.18493151
1987.20410959
1987.22328767
1987.24246575
1987.26164384
1987.28082192
1987.30000000
1987.31917808
1987.33835616
1987.35753425
1987.37671233
1987.39589041
1987.41506849
1987.43424658
1987.45342466
1987.47260274
1987.49178082
1987.51095890
1987.53013699
1987.54931507
1987.56849315
1987.58767123
1987.60684932
1987.62602740
1987.64520548
1987.66438356
1987.68356164
1987.70273973
1987.72191781
1987.74109589
1987.76027397
1987.77945205
1987.79863014
1987.81780822
1987.83698630
1987.85616438
1987.87534247
1987.89452055
1987.91369863
1987.93287671
1987.95205479
1987.97123288
1987.99041096
1988.00958904
1988.02871472
1988.04784041
1988.06696609
1988.08609177
1988.10521746
1988.12434314
1988.14346882
1988.16259451
1988.18172019
1988.20084587
1988.21997155
1988.23909724
1988.25822292
1988.27734860
1988.29647429
1988.31559997
1988.33472565
1988.35385134
1988.37297702
1988.39210270
1988.41122839
1988.43035407
1988.44947975
1988.46860543
1988.48773112
1988.50685680
1988.52598248
1988.54510817
1988.56423385
1988.58335953
1988.60248522
1988.62161090
1988.64073658
1988.65986227
1988.67898795
1988.69811363
1988.71723931
1988.73636500
1988.75549068
1988.77461636
1988.79374205
1988.81286773
1988.83199341
1988.85111910
1988.87024478
1988.88937046
1988.90849614
1988.92762183
1988.94674751
1988.96587319
1988.98499888
1989.00412456
1989.02330264
1989.04248072
1989.06165881
1989.08083689
1989.10001497
1989.11919305
1989.13837114
1989.15754922
1989.17672730
1989.19590538
1989.21508346
1989.23426155
1989.25343963
1989.27261771
1989.29179579
1989.31097388
1989.33015196
1989.34933004
1989.36850812
1989.38768620
1989.40686429
1989.42604237
1989.44522045
1989.46439853
1989.48357662
1989.50275470
1989.52193278
1989.54111086
1989.56028894
1989.57946703
1989.59864511
1989.61782319
1989.63700127
1989.65617935
1989.67535744
1989.69453552
1989.71371360
1989.73289168
1989.75206977
1989.77124785
1989.79042593
1989.80960401
1989.82878209
1989.84796018
1989.86713826
1989.88631634
1989.90549442
1989.92467251
1989.94385059
1989.96302867
1989.98220675
1990.00138483
1990.02056292
1990.03974100
1990.05891908
1990.07809716
1990.09727525
1990.11645333
1990.13563141
1990.15480949
1990.17398757
1990.19316566
1990.21234374
1990.23152182
1990.25069990
1990.26987798
1990.28905607
1990.30823415
1990.32741223
1990.34659031
1990.36576840
1990.38494648
1990.40412456
1990.42330264
1990.44248072
1990.46165881
1990.48083689
1990.50001497
1990.51919305
1990.53837114
1990.55754922
1990.57672730
1990.59590538
1990.61508346
1990.63426155
1990.65343963
1990.67261771
1990.69179579
1990.71097388
1990.73015196
1990.74933004
1990.76850812
1990.78768620
1990.80686429
1990.82604237
1990.84522045
1990.86439853
1990.88357662
1990.90275470
1990.92193278
1990.94111086
1990.96028894
1990.97946703
1990.99864511
1991.01782319
1991.03700127
1991.05617935
1991.07535744
1991.09453552
1991.11371360
1991.13289168
1991.15206977
1991.17124785
1991.19042593
1991.20960401
1991.22878209
1991.24796018
1991.26713826
1991.28631634
1991.30549442
1991.32467251
1991.34385059
1991.36302867
1991.38220675
1991.40138483
1991.42056292
1991.43974100
1991.45891908
1991.47809716
1991.49727525
1991.51645333
1991.53563141
1991.55480949
1991.57398757
1991.59316566
1991.61234374
1991.63152182
1991.65069990
1991.66987798
1991.68905607
1991.70823415
1991.72741223
1991.74659031
1991.76576840
1991.78494648
1991.80412456
1991.82330264
1991.84248072
1991.86165881
1991.88083689
1991.90001497
1991.91919305
1991.93837114
1991.95754922
1991.97672730
1991.99590538
1992.01508346
1992.03420915
1992.05333483
1992.07246051
1992.09158620
1992.11071188
1992.12983756
1992.14896325
1992.16808893
1992.18721461
1992.20634029
1992.22546598
1992.24459166
1992.26371734
1992.28284303
1992.30196871
1992.32109439
1992.34022008
1992.35934576
1992.37847144
1992.39759713
1992.41672281
1992.43584849
1992.45497417
1992.47409986
1992.49322554
1992.51235122
1992.53147691
1992.55060259
1992.56972827
1992.58885396
1992.60797964
1992.62710532
1992.64623101
1992.66535669
1992.68448237
1992.70360805
1992.72273374
1992.74185942
1992.76098510
1992.78011079
1992.79923647
1992.81836215
1992.83748784
1992.85661352
1992.87573920
1992.89486489
1992.91399057
1992.93311625
1992.95224193
1992.97136762
1992.99049330
1993.00961898
1993.02879707
1993.04797515
1993.06715323
1993.08633131
1993.10550939
1993.12468748
1993.14386556
1993.16304364
1993.18222172
1993.20139981
1993.22057789
1993.23975597
1993.25893405
1993.27811213
1993.29729022
1993.31646830
1993.33564638
1993.35482446
1993.37400255
1993.39318063
1993.41235871
1993.43153679
1993.45071487
1993.46989296
1993.48907104
1993.50824912
1993.52742720
1993.54660528
1993.56578337
1993.58496145
1993.60413953
1993.62331761
1993.64249570
1993.66167378
1993.68085186
1993.70002994
1993.71920802
1993.73838611
1993.75756419
1993.77674227
1993.79592035
1993.81509844
1993.83427652
1993.85345460
1993.87263268
1993.89181076
1993.91098885
1993.93016693
1993.94934501
1993.96852309
1993.98770118
1994.00687926
1994.02605734
1994.04523542
1994.06441350
1994.08359159
1994.10276967
1994.12194775
1994.14112583
1994.16030391
1994.17948200
1994.19866008
1994.21783816
1994.23701624
1994.25619433
1994.27537241
1994.29455049
1994.31372857
1994.33290665
1994.35208474
1994.37126282
1994.39044090
1994.40961898
1994.42879707
1994.44797515
1994.46715323
1994.48633131
1994.50550939
1994.52468748
1994.54386556
1994.56304364
1994.58222172
1994.60139981
1994.62057789
1994.63975597
1994.65893405
1994.67811213
1994.69729022
1994.71646830
1994.73564638
1994.75482446
1994.77400255
1994.79318063
1994.81235871
1994.83153679
1994.85071487
1994.86989296
1994.88907104
1994.90824912
1994.92742720
1994.94660528
1994.96578337
1994.98496145
1995.00413953
1995.02331761
1995.04249570
1995.06167378
1995.08085186
1995.10002994
1995.11920802
1995.13838611
1995.15756419
1995.17674227
1995.19592035
1995.21509844
1995.23427652
1995.25345460
1995.27263268
1995.29181076
1995.31098885
1995.33016693
1995.34934501
1995.36852309
1995.38770118
1995.40687926
1995.42605734
1995.44523542
1995.46441350
1995.48359159
1995.50276967
1995.52194775
1995.54112583
1995.56030391
1995.57948200
1995.59866008
1995.61783816
1995.63701624
1995.65619433
1995.67537241
1995.69455049
1995.71372857
1995.73290665
1995.75208474
1995.77126282
1995.79044090
1995.80961898
1995.82879707
1995.84797515
1995.86715323
1995.88633131
1995.90550939
1995.92468748
1995.94386556
1995.96304364
1995.98222172
1996.00139981
1996.02052549
1996.03965117
1996.05877685
1996.07790254
1996.09702822
1996.11615390
1996.13527959
1996.15440527
1996.17353095
1996.19265664
1996.21178232
1996.23090800
1996.25003369
1996.26915937
1996.28828505
1996.30741073
1996.32653642
1996.34566210
1996.36478778
1996.38391347
1996.40303915
1996.42216483
1996.44129052
1996.46041620
1996.47954188
1996.49866756
1996.51779325
1996.53691893
1996.55604461
1996.57517030
1996.59429598
1996.61342166
1996.63254735
1996.65167303
1996.67079871
1996.68992440
1996.70905008
1996.72817576
1996.74730144
1996.76642713
1996.78555281
1996.80467849
1996.82380418
1996.84292986
1996.86205554
1996.88118123
1996.90030691
1996.91943259
1996.93855828
1996.95768396
1996.97680964
1996.99593532
1997.01506101
1997.03423909
1997.05341717
1997.07259525
1997.09177334
1997.11095142
1997.13012950
1997.14930758
1997.16848567
1997.18766375
1997.20684183
1997.22601991
1997.24519799
1997.26437608
1997.28355416
1997.30273224
1997.32191032
1997.34108840
1997.36026649
1997.37944457
1997.39862265
1997.41780073
1997.43697882
1997.45615690
1997.47533498
1997.49451306
1997.51369114
1997.53286923
1997.55204731
1997.57122539
1997.59040347
1997.60958156
1997.62875964
1997.64793772
1997.66711580
1997.68629388
1997.70547197
1997.72465005
1997.74382813
1997.76300621
1997.78218430
1997.80136238
1997.82054046
1997.83971854
1997.85889662
1997.87807471
1997.89725279
1997.91643087
1997.93560895
1997.95478703
1997.97396512
1997.99314320
1998.01232128
1998.03149936
1998.05067745
1998.06985553
1998.08903361
1998.10821169
1998.12738977
1998.14656786
1998.16574594
1998.18492402
1998.20410210
1998.22328019
1998.24245827
1998.26163635
1998.28081443
1998.29999251
1998.31917060
1998.33834868
1998.35752676
1998.37670484
1998.39588293
1998.41506101
1998.43423909
1998.45341717
1998.47259525
1998.49177334
1998.51095142
1998.53012950
1998.54930758
1998.56848567
1998.58766375
1998.60684183
1998.62601991
1998.64519799
1998.66437608
1998.68355416
1998.70273224
1998.72191032
1998.74108840
1998.76026649
1998.77944457
1998.79862265
1998.81780073
1998.83697882
1998.85615690
1998.87533498
1998.89451306
1998.91369114
1998.93286923
1998.95204731
1998.97122539
1998.99040347
1999.00958156
1999.02875964
1999.04793772
1999.06711580
1999.08629388
1999.10547197
1999.12465005
1999.14382813
1999.16300621
1999.18218430
1999.20136238
1999.22054046
1999.23971854
1999.25889662
1999.27807471
1999.29725279
1999.31643087
1999.33560895
1999.35478703
1999.37396512
1999.39314320
1999.41232128
1999.43149936
1999.45067745
1999.46985553
1999.48903361
1999.50821169
1999.52738977
1999.54656786
1999.56574594
1999.58492402
1999.60410210
1999.62328019
1999.64245827
1999.66163635
1999.68081443
1999.69999251
1999.71917060
1999.73834868
1999.75752676
1999.77670484
1999.79588293
1999.81506101
1999.83423909
1999.85341717
1999.87259525
1999.89177334
1999.91095142
1999.93012950
1999.94930758
1999.96848567
1999.98766375
2000.00684183
2000.02596751
2000.04509320
2000.06421888
2000.08334456
2000.10247024
2000.12159593
2000.14072161
2000.15984729
2000.17897298
2000.19809866
2000.21722434
2000.23635003
2000.25547571
2000.27460139
2000.29372708
2000.31285276
2000.33197844
2000.35110412
2000.37022981
2000.38935549
2000.40848117
2000.42760686
2000.44673254
2000.46585822
2000.48498391
2000.50410959
2000.52323527
2000.54236096
2000.56148664
2000.58061232
2000.59973800
2000.61886369
2000.63798937
2000.65711505
2000.67624074
2000.69536642
2000.71449210
2000.73361779
2000.75274347
2000.77186915
2000.79099483
2000.81012052
2000.82924620
2000.84837188
2000.86749757
2000.88662325
2000.90574893
2000.92487462
2000.94400030
2000.96312598
2000.98225167
2001.00137735
2001.02055543
2001.03973351
2001.05891160
2001.07808968
2001.09726776
2001.11644584
2001.13562392
2001.15480201
2001.17398009
2001.19315817
2001.21233625
2001.23151433
2001.25069242
2001.26987050
2001.28904858
2001.30822666
2001.32740475
2001.34658283
2001.36576091
2001.38493899
2001.40411707
2001.42329516
2001.44247324
2001.46165132
2001.48082940
2001.50000749
2001.51918557
2001.53836365
2001.55754173
2001.57671981
2001.59589790
2001.61507598
2001.63425406
2001.65343214
2001.67261023
2001.69178831
2001.71096639
2001.73014447
2001.74932255
2001.76850064
2001.78767872
2001.80685680
2001.82603488
2001.84521297
2001.86439105
2001.88356913
2001.90274721
2001.92192529
2001.94110338
2001.96028146
2001.97945954
2001.99863762
2002.01781570
2002.03699379
2002.05617187
2002.07534995
2002.09452803
2002.11370612
2002.13288420
2002.15206228
2002.17124036
2002.19041844
2002.20959653
2002.22877461
2002.24795269
2002.26713077
2002.28630886
2002.30548694
2002.32466502
2002.34384310
2002.36302118
2002.38219927
2002.40137735
2002.42055543
2002.43973351
2002.45891160
2002.47808968
2002.49726776
2002.51644584
2002.53562392
2002.55480201
2002.57398009
2002.59315817
2002.61233625
2002.63151433
2002.65069242
2002.66987050
2002.68904858
2002.70822666
2002.72740475
2002.74658283
2002.76576091
2002.78493899
2002.80411707
2002.82329516
2002.84247324
2002.86165132
2002.88082940
2002.90000749
2002.91918557
2002.93836365
2002.95754173
2002.97671981
2002.99589790
2003.01507598
2003.03425406
2003.05343214
2003.07261023
2003.09178831
2003.11096639
2003.13014447
2003.14932255
2003.16850064
2003.18767872
2003.20685680
2003.22603488
2003.24521297
2003.26439105
2003.28356913
2003.30274721
2003.32192529
2003.34110338
2003.36028146
2003.37945954
2003.39863762
2003.41781570
2003.43699379
2003.45617187
2003.47534995
2003.49452803
2003.51370612
2003.53288420
2003.55206228
2003.57124036
2003.59041844
2003.60959653
2003.62877461
2003.64795269
2003.66713077
2003.68630886
2003.70548694
2003.72466502
2003.74384310
2003.76302118
2003.78219927
2003.80137735
2003.82055543
2003.83973351
2003.85891160
2003.87808968
2003.89726776
2003.91644584
2003.93562392
2003.95480201
2003.97398009
2003.99315817
2004.01233625
2004.03146194
2004.05058762
2004.06971330
2004.08883898
2004.10796467
2004.12709035
2004.14621603
2004.16534172
2004.18446740
2004.20359308
2004.22271877
2004.24184445
2004.26097013
2004.28009582
2004.29922150
2004.31834718
2004.33747286
2004.35659855
2004.37572423
2004.39484991
2004.41397560
2004.43310128
2004.45222696
2004.47135265
2004.49047833
2004.50960401
2004.52872970
2004.54785538
2004.56698106
2004.58610674
2004.60523243
2004.62435811
2004.64348379
2004.66260948
2004.68173516
2004.70086084
2004.71998653
2004.73911221
2004.75823789
2004.77736358
2004.79648926
2004.81561494
2004.83474062
2004.85386631
2004.87299199
2004.89211767
2004.91124336
2004.93036904
2004.94949472
2004.96862041
2004.98774609
2005.00687177
2005.02604985
2005.04522794
2005.06440602
2005.08358410
2005.10276218
2005.12194026
2005.14111835
2005.16029643
2005.17947451
2005.19865259
2005.21783068
2005.23700876
2005.25618684
2005.27536492
2005.29454300
2005.31372109
2005.33289917
2005.35207725
2005.37125533
2005.39043342
2005.40961150
2005.42878958
2005.44796766
2005.46714574
2005.48632383
2005.50550191
2005.52467999
2005.54385807
2005.56303616
2005.58221424
2005.60139232
2005.62057040
2005.63974848
2005.65892657
2005.67810465
2005.69728273
2005.71646081
2005.73563890
2005.75481698
2005.77399506
2005.79317314
2005.81235122
2005.83152931
2005.85070739
2005.86988547
2005.88906355
2005.90824163
2005.92741972
2005.94659780
2005.96577588
2005.98495396
2006.00413205
2006.02331013
2006.04248821
2006.06166629
2006.08084437
2006.10002246
2006.11920054
2006.13837862
2006.15755670
2006.17673479
2006.19591287
2006.21509095
2006.23426903
2006.25344711
2006.27262520
2006.29180328
2006.31098136
2006.33015944
2006.34933753
2006.36851561
2006.38769369
2006.40687177
2006.42604985
2006.44522794
2006.46440602
2006.48358410
2006.50276218
2006.52194026
2006.54111835
2006.56029643
2006.57947451
2006.59865259
2006.61783068
2006.63700876
2006.65618684
2006.67536492
2006.69454300
2006.71372109
2006.73289917
2006.75207725
2006.77125533
2006.79043342
2006.80961150
2006.82878958
2006.84796766
2006.86714574
2006.88632383
2006.90550191
2006.92467999
2006.94385807
2006.96303616
2006.98221424
2007.00139232
2007.02057040
2007.03974848
2007.05892657
2007.07810465
2007.09728273
2007.11646081
2007.13563890
2007.15481698
2007.17399506
2007.19317314
2007.21235122
2007.23152931
2007.25070739
2007.26988547
2007.28906355
2007.30824163
2007.32741972
2007.34659780
2007.36577588
2007.38495396
2007.40413205
2007.42331013
2007.44248821
2007.46166629
2007.48084437
2007.50002246
2007.51920054
2007.53837862
2007.55755670
2007.57673479
2007.59591287
2007.61509095
2007.63426903
2007.65344711
2007.67262520
2007.69180328
2007.71098136
2007.73015944
2007.74933753
2007.76851561
2007.78769369
2007.80687177
2007.82604985
2007.84522794
2007.86440602
2007.88358410
2007.90276218
2007.92194026
2007.94111835
2007.96029643
2007.97947451
2007.99865259
2008.01783068
2008.03695636
2008.05608204
2008.07520773
2008.09433341
2008.11345909
2008.13258477
2008.15171046
2008.17083614
2008.18996182
2008.20908751
2008.22821319
2008.24733887
2008.26646456
2008.28559024
2008.30471592
2008.32384160
2008.34296729
2008.36209297
2008.38121865
2008.40034434
2008.41947002
2008.43859570
2008.45772139
2008.47684707
2008.49597275
2008.51509844
2008.53422412
2008.55334980
2008.57247548
2008.59160117
2008.61072685
2008.62985253
2008.64897822
2008.66810390
2008.68722958
2008.70635527
2008.72548095
2008.74460663
2008.76373232
2008.78285800
2008.80198368
2008.82110936
2008.84023505
2008.85936073
2008.87848641
2008.89761210
2008.91673778
2008.93586346
2008.95498915
2008.97411483
2008.99324051
2009.01236620
2009.03154428
2009.05072236
2009.06990044
2009.08907852
2009.10825661
2009.12743469
2009.14661277
2009.16579085
2009.18496893
2009.20414702
2009.22332510
2009.24250318
2009.26168126
2009.28085935
2009.30003743
2009.31921551
2009.33839359
2009.35757167
2009.37674976
2009.39592784
2009.41510592
2009.43428400
2009.45346209
2009.47264017
2009.49181825
2009.51099633
2009.53017441
2009.54935250
2009.56853058
2009.58770866
2009.60688674
2009.62606483
2009.64524291
2009.66442099
2009.68359907
2009.70277715
2009.72195524
2009.74113332
2009.76031140
2009.77948948
2009.79866756
2009.81784565
2009.83702373
2009.85620181
2009.87537989
2009.89455798
2009.91373606
2009.93291414
2009.95209222
2009.97127030
2009.99044839
2010.00962647
2010.02880455
2010.04798263
2010.06716072
2010.08633880
2010.10551688
2010.12469496
2010.14387304
2010.16305113
2010.18222921
2010.20140729
2010.22058537
2010.23976346
2010.25894154
2010.27811962
2010.29729770
2010.31647578
2010.33565387
2010.35483195
2010.37401003
2010.39318811
2010.41236620
2010.43154428
2010.45072236
2010.46990044
2010.48907852
2010.50825661
2010.52743469
2010.54661277
2010.56579085
2010.58496893
2010.60414702
2010.62332510
2010.64250318
2010.66168126
2010.68085935
2010.70003743
2010.71921551
2010.73839359
2010.75757167
2010.77674976
2010.79592784
2010.81510592
2010.83428400
2010.85346209
2010.87264017
2010.89181825
2010.91099633
2010.93017441
2010.94935250
2010.96853058
2010.98770866
2011.00688674
2011.02606483
2011.04524291
2011.06442099
2011.08359907
2011.10277715
2011.12195524
2011.14113332
2011.16031140
2011.17948948
2011.19866756
2011.21784565
2011.23702373
2011.25620181
2011.27537989
2011.29455798
2011.31373606
2011.33291414
2011.35209222
2011.37127030
2011.39044839
2011.40962647
2011.42880455
2011.44798263
2011.46716072
2011.48633880
2011.50551688
2011.52469496
2011.54387304
2011.56305113
2011.58222921
2011.60140729
2011.62058537
2011.63976346
2011.65894154
2011.67811962
2011.69729770
2011.71647578
2011.73565387
2011.75483195
2011.77401003
2011.79318811
2011.81236620
2011.83154428
2011.85072236
2011.86990044
2011.88907852
2011.90825661
2011.92743469
2011.94661277
2011.96579085
2011.98496893
