1969  322.05  1.23 20
1970  325.35  1.53 52
1971  326.73  2.32 52
1972  327.82  2.02 52
1973  329.36  2.01 52
1974  330.69  2.18 52
1975  331.16  2.20 52
1976  332.05  1.72 53
1977  333.50  1.96 52
1978  335.30  2.04 52
1979  336.87  1.77 52
1980  339.52  2.29 52
1981  340.62  2.10 52
1982  341.08  2.23 52
1983  342.77  2.00 53
1984  344.48  1.97 52
1985  345.67  1.99 52
1986  346.84  1.97 52
1987  348.96  1.75 52
1988  351.53  1.84 52
1989  353.02  2.08 52
1990  354.42  1.97 53
1991  355.88  2.31 52
1992  356.82  2.16 52
1993  357.26  2.11 52
1994  358.81  2.02 52
1995  360.95  1.88 52
1996  362.72  2.09 52
1997  363.87  2.00 53
1998  366.88  1.79 52
1999  368.56  1.97 52
2000  369.81  1.70 52
2001  371.42  2.00 52
2002  373.19  1.88 52
2003  376.03  1.91 52
2004  377.73  2.18 53
2005  380.16  1.96 52
2006  382.10  2.11 52
2007  384.10  2.16 52
2008  385.83  1.88 52
2009  387.54  1.84 52
2010  390.01  2.15 52
2011  391.91  1.80 53
2012  394.04  1.99 52
2013  396.88  1.95 52
2014  398.93  2.25 52
2015  401.05  2.05 52
2016  404.33  2.34 52
2017  406.66  2.08 52
2018  408.83  1.84 53
2019  411.64  2.00 52
2020  414.05  1.87 52
2021  416.28  2.03 50
