1969 08 20 17  3.226538e+02 
1969 08 27 17  3.222695e+02 
1969 09 03 17  3.218773e+02 
1969 09 10 17  3.214926e+02 
1969 09 17 17  3.211412e+02 
1969 09 24 17  3.208541e+02 
1969 10 01 17  3.206610e+02 
1969 10 08 17  3.205831e+02 
1969 10 15 17  3.206292e+02 
1969 10 22 17  3.207935e+02 
1969 10 29 17  3.210581e+02 
1969 11 05 17  3.213973e+02 
1969 11 12 17  3.217841e+02 
1969 11 19 17  3.221943e+02 
1969 11 26 17  3.226104e+02 
1969 12 03 17  3.230212e+02 
1969 12 10 17  3.234209e+02 
1969 12 17 17  3.238053e+02 
1969 12 24 17  3.241700e+02 
1969 12 31 17  3.245077e+02 
1970 01 07 17  3.248094e+02 
1970 01 14 17  3.250654e+02 
1970 01 21 17  3.252678e+02 
1970 01 28 17  3.254132e+02 
1970 02 04 17  3.255043e+02 
1970 02 11 17  3.255498e+02 
1970 02 18 17  3.255643e+02 
1970 02 25 17  3.255659e+02 
1970 03 04 17  3.255747e+02 
1970 03 11 17  3.256100e+02 
1970 03 18 17  3.256887e+02 
1970 03 25 17  3.258229e+02 
1970 04 01 17  3.260182e+02 
1970 04 08 17  3.262718e+02 
1970 04 15 17  3.265712e+02 
1970 04 22 17  3.268946e+02 
1970 04 29 17  3.272120e+02 
1970 05 06 17  3.274890e+02 
1970 05 13 17  3.276921e+02 
1970 05 20 17  3.277948e+02 
1970 05 27 17  3.277834e+02 
1970 06 03 17  3.276606e+02 
1970 06 10 17  3.274456e+02 
1970 06 17 17  3.271701e+02 
1970 06 24 17  3.268711e+02 
1970 07 01 17  3.265821e+02 
1970 07 08 17  3.263245e+02 
1970 07 15 17  3.261020e+02 
1970 07 22 17  3.259004e+02 
1970 07 29 17  3.256917e+02 
1970 08 05 17  3.254431e+02 
1970 08 12 17  3.251281e+02 
1970 08 19 17  3.247352e+02 
1970 08 26 17  3.242744e+02 
1970 09 02 17  3.237767e+02 
1970 09 09 17  3.232889e+02 
1970 09 16 17  3.228638e+02 
1970 09 23 17  3.225491e+02 
1970 09 30 17  3.223782e+02 
1970 10 07 17  3.223637e+02 
1970 10 14 17  3.224971e+02 
1970 10 21 17  3.227527e+02 
1970 10 28 17  3.230946e+02 
1970 11 04 17  3.234845e+02 
1970 11 11 17  3.238889e+02 
1970 11 18 17  3.242831e+02 
1970 11 25 17  3.246528e+02 
1970 12 02 17  3.249922e+02 
1970 12 09 17  3.253016e+02 
1970 12 16 17  3.255837e+02 
1970 12 23 17  3.258416e+02 
1970 12 30 17  3.260773e+02 
1971 01 06 17  3.262921e+02 
1971 01 13 17  3.264869e+02 
1971 01 20 17  3.266641e+02 
1971 01 27 17  3.268279e+02 
1971 02 03 17  3.269851e+02 
1971 02 10 17  3.271441e+02 
1971 02 17 17  3.273144e+02 
1971 02 24 17  3.275049e+02 
1971 03 03 17  3.277226e+02 
1971 03 10 17  3.279710e+02 
1971 03 17 17  3.282489e+02 
1971 03 24 17  3.285503e+02 
1971 03 31 17  3.288642e+02 
1971 04 07 17  3.291758e+02 
1971 04 14 17  3.294682e+02 
1971 04 21 17  3.297245e+02 
1971 04 28 17  3.299297e+02 
1971 05 05 17  3.300726e+02 
1971 05 12 17  3.301462e+02 
1971 05 19 17  3.301479e+02 
1971 05 26 17  3.300778e+02 
1971 06 02 17  3.299369e+02 
1971 06 09 17  3.297263e+02 
1971 06 16 17  3.294452e+02 
1971 06 23 17  3.290923e+02 
1971 06 30 17  3.286661e+02 
1971 07 07 17  3.281683e+02 
1971 07 14 17  3.276049e+02 
1971 07 21 17  3.269890e+02 
1971 07 28 17  3.263403e+02 
1971 08 04 17  3.256842e+02 
1971 08 11 17  3.250496e+02 
1971 08 18 17  3.244652e+02 
1971 08 25 17  3.239563e+02 
1971 09 01 17  3.235425e+02 
1971 09 08 17  3.232359e+02 
1971 09 15 17  3.230411e+02 
1971 09 22 17  3.229562e+02 
1971 09 29 17  3.229739e+02 
1971 10 06 17  3.230838e+02 
1971 10 13 17  3.232727e+02 
1971 10 20 17  3.235268e+02 
1971 10 27 17  3.238312e+02 
1971 11 03 17  3.241713e+02 
1971 11 10 17  3.245326e+02 
1971 11 17 17  3.249016e+02 
1971 11 24 17  3.252665e+02 
1971 12 01 17  3.256173e+02 
1971 12 08 17  3.259468e+02 
1971 12 15 17  3.262501e+02 
1971 12 22 17  3.265251e+02 
1971 12 29 17  3.267717e+02 
1972 01 05 18  3.269915e+02 
1972 01 12 18  3.271878e+02 
1972 01 19 19  3.273652e+02 
1972 01 26 19  3.275298e+02 
1972 02 02 20  3.276888e+02 
1972 02 09 20  3.278504e+02 
1972 02 16 20  3.280232e+02 
1972 02 23 21  3.282151e+02 
1972 03 01 21  3.284325e+02 
1972 03 08 22  3.286790e+02 
1972 03 15 22  3.289541e+02 
1972 03 22 23  3.292531e+02 
1972 03 29 23  3.295665e+02 
1972 04 06  0  3.298813e+02 
1972 04 13  0  3.301818e+02 
1972 04 20  1  3.304512e+02 
1972 04 27  1  3.306733e+02 
1972 05 04  2  3.308344e+02 
1972 05 11  2  3.309241e+02 
1972 05 18  2  3.309364e+02 
1972 05 25  3  3.308694e+02 
1972 06 01  3  3.307247e+02 
1972 06 08  4  3.305069e+02 
1972 06 15  4  3.302225e+02 
1972 06 22  5  3.298786e+02 
1972 06 29  5  3.294826e+02 
1972 07 06  6  3.290421e+02 
1972 07 13  6  3.285650e+02 
1972 07 20  7  3.280599e+02 
1972 07 27  7  3.275370e+02 
1972 08 03  8  3.270090e+02 
1972 08 10  8  3.264904e+02 
1972 08 17  8  3.259982e+02 
1972 08 24  9  3.255502e+02 
1972 08 31  9  3.251646e+02 
1972 09 07 10  3.248573e+02 
1972 09 14 10  3.246411e+02 
1972 09 21 11  3.245239e+02 
1972 09 28 11  3.245080e+02 
1972 10 05 12  3.245896e+02 
1972 10 12 12  3.247594e+02 
1972 10 19 13  3.250037e+02 
1972 10 26 13  3.253060e+02 
1972 11 02 14  3.256485e+02 
1972 11 09 14  3.260141e+02 
1972 11 16 14  3.263873e+02 
1972 11 23 15  3.267553e+02 
1972 11 30 15  3.271084e+02 
1972 12 07 16  3.274399e+02 
1972 12 14 16  3.277457e+02 
1972 12 21 17  3.280240e+02 
1972 12 28 17  3.282746e+02 
1973 01 04 17  3.284989e+02 
1973 01 11 17  3.286994e+02 
1973 01 18 17  3.288804e+02 
1973 01 25 17  3.290473e+02 
1973 02 01 17  3.292073e+02 
1973 02 08 17  3.293683e+02 
1973 02 15 17  3.295393e+02 
1973 02 22 17  3.297284e+02 
1973 03 01 17  3.299423e+02 
1973 03 08 17  3.301851e+02 
1973 03 15 17  3.304569e+02 
1973 03 22 17  3.307535e+02 
1973 03 29 17  3.310662e+02 
1973 04 05 17  3.313823e+02 
1973 04 12 17  3.316863e+02 
1973 04 19 17  3.319617e+02 
1973 04 26 17  3.321919e+02 
1973 05 03 17  3.323630e+02 
1973 05 10 17  3.324639e+02 
1973 05 17 17  3.324880e+02 
1973 05 24 17  3.324328e+02 
1973 05 31 17  3.322995e+02 
1973 06 07 17  3.320923e+02 
1973 06 14 17  3.318175e+02 
1973 06 21 17  3.314822e+02 
1973 06 28 17  3.310937e+02 
1973 07 05 17  3.306596e+02 
1973 07 12 17  3.301877e+02 
1973 07 19 17  3.296865e+02 
1973 07 26 17  3.291661e+02 
1973 08 02 17  3.286384e+02 
1973 08 09 17  3.281180e+02 
1973 08 16 17  3.276215e+02 
1973 08 23 17  3.271666e+02 
1973 08 30 17  3.267715e+02 
1973 09 06 17  3.264527e+02 
1973 09 13 17  3.262234e+02 
1973 09 20 17  3.260923e+02 
1973 09 27 17  3.260626e+02 
1973 10 04 17  3.261312e+02 
1973 10 11 17  3.262896e+02 
1973 10 18 17  3.265248e+02 
1973 10 25 17  3.268204e+02 
1973 11 01 17  3.271588e+02 
1973 11 08 17  3.275227e+02 
1973 11 15 17  3.278961e+02 
1973 11 22 17  3.282661e+02 
1973 11 29 17  3.286223e+02 
1973 12 06 17  3.289577e+02 
1973 12 13 17  3.292678e+02 
1973 12 20 17  3.295506e+02 
1973 12 27 17  3.298056e+02 
1974 01 03 17  3.300340e+02 
1974 01 10 17  3.302384e+02 
1974 01 17 17  3.304225e+02 
1974 01 24 17  3.305917e+02 
1974 01 31 17  3.307527e+02 
1974 02 07 17  3.309136e+02 
1974 02 14 17  3.310829e+02 
1974 02 21 17  3.312690e+02 
1974 02 28 17  3.314791e+02 
1974 03 07 17  3.317178e+02 
1974 03 14 17  3.319861e+02 
1974 03 21 17  3.322806e+02 
1974 03 28 17  3.325932e+02 
1974 04 04 17  3.329118e+02 
1974 04 11 17  3.332207e+02 
1974 04 18 17  3.335027e+02 
1974 04 25 17  3.337403e+02 
1974 05 02 17  3.339181e+02 
1974 05 09 17  3.340238e+02 
1974 05 16 17  3.340496e+02 
1974 05 23 17  3.339921e+02 
1974 05 30 17  3.338524e+02 
1974 06 06 17  3.336350e+02 
1974 06 13 17  3.333468e+02 
1974 06 20 17  3.329956e+02 
1974 06 27 17  3.325898e+02 
1974 07 04 17  3.321375e+02 
1974 07 11 17  3.316468e+02 
1974 07 18 17  3.311260e+02 
1974 07 25 17  3.305850e+02 
1974 08 01 17  3.300351e+02 
1974 08 08 17  3.294904e+02 
1974 08 15 17  3.289669e+02 
1974 08 22 17  3.284824e+02 
1974 08 29 17  3.280549e+02 
1974 09 05 17  3.277013e+02 
1974 09 12 17  3.274356e+02 
1974 09 19 17  3.272672e+02 
1974 09 26 17  3.272002e+02 
1974 10 03 17  3.272323e+02 
1974 10 10 17  3.273558e+02 
1974 10 17 17  3.275582e+02 
1974 10 24 17  3.278235e+02 
1974 10 31 17  3.281341e+02 
1974 11 07 17  3.284725e+02 
1974 11 14 17  3.288226e+02 
1974 11 21 17  3.291709e+02 
1974 11 28 17  3.295067e+02 
1974 12 05 17  3.298226e+02 
1974 12 12 17  3.301138e+02 
1974 12 19 17  3.303777e+02 
1974 12 26 17  3.306139e+02 
1975 01 02 17  3.308232e+02 
1975 01 09 17  3.310079e+02 
1975 01 16 17  3.311716e+02 
1975 01 23 17  3.313196e+02 
1975 01 30 17  3.314584e+02 
1975 02 06 17  3.315960e+02 
1975 02 13 17  3.317410e+02 
1975 02 20 17  3.319018e+02 
1975 02 27 17  3.320858e+02 
1975 03 06 17  3.322979e+02 
1975 03 13 17  3.325393e+02 
1975 03 20 17  3.328072e+02 
1975 03 27 17  3.330941e+02 
1975 04 03 17  3.333884e+02 
1975 04 10 17  3.336753e+02 
1975 04 17 17  3.339383e+02 
1975 04 24 17  3.341607e+02 
1975 05 01 17  3.343276e+02 
1975 05 08 17  3.344272e+02 
1975 05 15 17  3.344514e+02 
1975 05 22 17  3.343966e+02 
1975 05 29 17  3.342629e+02 
1975 06 05 17  3.340540e+02 
1975 06 12 17  3.337756e+02 
1975 06 19 17  3.334345e+02 
1975 06 26 17  3.330381e+02 
1975 07 03 17  3.325940e+02 
1975 07 10 17  3.321098e+02 
1975 07 17 17  3.315937e+02 
1975 07 24 17  3.310553e+02 
1975 07 31 17  3.305061e+02 
1975 08 07 17  3.299597e+02 
1975 08 14 17  3.294323e+02 
1975 08 21 17  3.289413e+02 
1975 08 28 17  3.285051e+02 
1975 09 04 17  3.281406e+02 
1975 09 11 17  3.278623e+02 
1975 09 18 17  3.276803e+02 
1975 09 25 17  3.275994e+02 
1975 10 02 17  3.276183e+02 
1975 10 09 17  3.277299e+02 
1975 10 16 17  3.279224e+02 
1975 10 23 17  3.281802e+02 
1975 10 30 17  3.284859e+02 
1975 11 06 17  3.288219e+02 
1975 11 13 17  3.291717e+02 
1975 11 20 17  3.295215e+02 
1975 11 27 17  3.298603e+02 
1975 12 04 17  3.301800e+02 
1975 12 11 17  3.304755e+02 
1975 12 18 17  3.307440e+02 
1975 12 25 17  3.309846e+02 
1976 01 01 17  3.311979e+02 
1976 01 08 18  3.313861e+02 
1976 01 15 18  3.315528e+02 
1976 01 22 19  3.317031e+02 
1976 01 29 19  3.318438e+02 
1976 02 05 20  3.319823e+02 
1976 02 12 20  3.321272e+02 
1976 02 19 21  3.322865e+02 
1976 02 26 21  3.324672e+02 
1976 03 04 22  3.326743e+02 
1976 03 11 22  3.329097e+02 
1976 03 18 23  3.331718e+02 
1976 03 25 23  3.334549e+02 
1976 04 01 23  3.337496e+02 
1976 04 09  0  3.340425e+02 
1976 04 16  0  3.343174e+02 
1976 04 23  1  3.345563e+02 
1976 04 30  1  3.347409e+02 
1976 05 07  2  3.348548e+02 
1976 05 14  2  3.348853e+02 
1976 05 21  3  3.348259e+02 
1976 05 28  3  3.346769e+02 
1976 06 04  4  3.344466e+02 
1976 06 11  4  3.341500e+02 
1976 06 18  5  3.338071e+02 
1976 06 25  5  3.334397e+02 
1976 07 02  5  3.330679e+02 
1976 07 09  6  3.327071e+02 
1976 07 16  6  3.323657e+02 
1976 07 23  7  3.320443e+02 
1976 07 30  7  3.317370e+02 
1976 08 06  8  3.314340e+02 
1976 08 13  8  3.311251e+02 
1976 08 20  9  3.308041e+02 
1976 08 27  9  3.304717e+02 
1976 09 03 10  3.301373e+02 
1976 09 10 10  3.298182e+02 
1976 09 17 10  3.295377e+02 
1976 09 24 11  3.293209e+02 
1976 10 01 11  3.291901e+02 
1976 10 08 12  3.291606e+02 
1976 10 15 12  3.292379e+02 
1976 10 22 13  3.294169e+02 
1976 10 29 13  3.296829e+02 
1976 11 05 14  3.300138e+02 
1976 11 12 14  3.303845e+02 
1976 11 19 15  3.307696e+02 
1976 11 26 15  3.311471e+02 
1976 12 03 16  3.314998e+02 
1976 12 10 16  3.318162e+02 
1976 12 17 16  3.320899e+02 
1976 12 24 17  3.323190e+02 
1976 12 31 17  3.325048e+02 
1977 01 07 17  3.326514e+02 
1977 01 14 17  3.327644e+02 
1977 01 21 17  3.328516e+02 
1977 01 28 17  3.329230e+02 
1977 02 04 17  3.329909e+02 
1977 02 11 17  3.330697e+02 
1977 02 18 17  3.331753e+02 
1977 02 25 17  3.333238e+02 
1977 03 04 17  3.335284e+02 
1977 03 11 17  3.337972e+02 
1977 03 18 17  3.341301e+02 
1977 03 25 17  3.345167e+02 
1977 04 01 17  3.349367e+02 
1977 04 08 17  3.353610e+02 
1977 04 15 17  3.357564e+02 
1977 04 22 17  3.360911e+02 
1977 04 29 17  3.363404e+02 
1977 05 06 17  3.364913e+02 
1977 05 13 17  3.365444e+02 
1977 05 20 17  3.365126e+02 
1977 05 27 17  3.364164e+02 
1977 06 03 17  3.362774e+02 
1977 06 10 17  3.361117e+02 
1977 06 17 17  3.359250e+02 
1977 06 24 17  3.357120e+02 
1977 07 01 17  3.354581e+02 
1977 07 08 17  3.351459e+02 
1977 07 15 17  3.347621e+02 
1977 07 22 17  3.343032e+02 
1977 07 29 17  3.337796e+02 
1977 08 05 17  3.332146e+02 
1977 08 12 17  3.326407e+02 
1977 08 19 17  3.320928e+02 
1977 08 26 17  3.316022e+02 
1977 09 02 17  3.311908e+02 
1977 09 09 17  3.308697e+02 
1977 09 16 17  3.306398e+02 
1977 09 23 17  3.304952e+02 
1977 09 30 17  3.304273e+02 
1977 10 07 17  3.304287e+02 
1977 10 14 17  3.304953e+02 
1977 10 21 17  3.306260e+02 
1977 10 28 17  3.308220e+02 
1977 11 04 17  3.310841e+02 
1977 11 11 17  3.314107e+02 
1977 11 18 17  3.317963e+02 
1977 11 25 17  3.322312e+02 
1977 12 02 17  3.327011e+02 
1977 12 09 17  3.331879e+02 
1977 12 16 17  3.336710e+02 
1977 12 23 17  3.341288e+02 
1977 12 30 17  3.345411e+02 
1978 01 06 17  3.348917e+02 
1978 01 13 17  3.351716e+02 
1978 01 20 17  3.353815e+02 
1978 01 27 17  3.355329e+02 
1978 02 03 17  3.356466e+02 
1978 02 10 17  3.357493e+02 
1978 02 17 17  3.358682e+02 
1978 02 24 17  3.360250e+02 
1978 03 03 17  3.362306e+02 
1978 03 10 17  3.364829e+02 
1978 03 17 17  3.367674e+02 
1978 03 24 17  3.370614e+02 
1978 03 31 17  3.373394e+02 
1978 04 07 17  3.375795e+02 
1978 04 14 17  3.377683e+02 
1978 04 21 17  3.379020e+02 
1978 04 28 17  3.379860e+02 
1978 05 05 17  3.380300e+02 
1978 05 12 17  3.380443e+02 
1978 05 19 17  3.380343e+02 
1978 05 26 17  3.379991e+02 
1978 06 02 17  3.379310e+02 
1978 06 09 17  3.378177e+02 
1978 06 16 17  3.376466e+02 
1978 06 23 17  3.374081e+02 
1978 06 30 17  3.370985e+02 
1978 07 07 17  3.367207e+02 
1978 07 14 17  3.362836e+02 
1978 07 21 17  3.358001e+02 
1978 07 28 17  3.352849e+02 
1978 08 04 17  3.347531e+02 
1978 08 11 17  3.342199e+02 
1978 08 18 17  3.337013e+02 
1978 08 25 17  3.332152e+02 
1978 09 01 17  3.327815e+02 
1978 09 08 17  3.324211e+02 
1978 09 15 17  3.321531e+02 
1978 09 22 17  3.319913e+02 
1978 09 29 17  3.319401e+02 
1978 10 06 17  3.319928e+02 
1978 10 13 17  3.321316e+02 
1978 10 20 17  3.323317e+02 
1978 10 27 17  3.325666e+02 
1978 11 03 17  3.328149e+02 
1978 11 10 17  3.330654e+02 
1978 11 17 17  3.333182e+02 
1978 11 24 17  3.335830e+02 
1978 12 01 17  3.338729e+02 
1978 12 08 17  3.341972e+02 
1978 12 15 17  3.345556e+02 
1978 12 22 17  3.349356e+02 
1978 12 29 17  3.353152e+02 
1979 01 05 17  3.356693e+02 
1979 01 12 17  3.359784e+02 
1979 01 19 17  3.362362e+02 
1979 01 26 17  3.364528e+02 
1979 02 02 17  3.366526e+02 
1979 02 09 17  3.368663e+02 
1979 02 16 17  3.371200e+02 
1979 02 23 17  3.374260e+02 
1979 03 02 17  3.377760e+02 
1979 03 09 17  3.381427e+02 
1979 03 16 17  3.384864e+02 
1979 03 23 17  3.387666e+02 
1979 03 30 17  3.389544e+02 
1979 04 06 17  3.390409e+02 
1979 04 13 17  3.390402e+02 
1979 04 20 17  3.389846e+02 
1979 04 27 17  3.389149e+02 
1979 05 04 17  3.388684e+02 
1979 05 11 17  3.388677e+02 
1979 05 18 17  3.389148e+02 
1979 05 25 17  3.389914e+02 
1979 06 01 17  3.390641e+02 
1979 06 08 17  3.390943e+02 
1979 06 15 17  3.390479e+02 
1979 06 22 17  3.389033e+02 
1979 06 29 17  3.386547e+02 
1979 07 06 17  3.383112e+02 
1979 07 13 17  3.378921e+02 
1979 07 20 17  3.374208e+02 
1979 07 27 17  3.369192e+02 
1979 08 03 17  3.364049e+02 
1979 08 10 17  3.358916e+02 
1979 08 17 17  3.353914e+02 
1979 08 24 17  3.349192e+02 
1979 08 31 17  3.344953e+02 
1979 09 07 17  3.341453e+02 
1979 09 14 17  3.338967e+02 
1979 09 21 17  3.337725e+02 
1979 09 28 17  3.337839e+02 
1979 10 05 17  3.339249e+02 
1979 10 12 17  3.341709e+02 
1979 10 19 17  3.344827e+02 
1979 10 26 17  3.348154e+02 
1979 11 02 17  3.351297e+02 
1979 11 09 17  3.354024e+02 
1979 11 16 17  3.356325e+02 
1979 11 23 17  3.358409e+02 
1979 11 30 17  3.360623e+02 
1979 12 07 17  3.363343e+02 
1979 12 14 17  3.366836e+02 
1979 12 21 17  3.371168e+02 
1979 12 28 17  3.376166e+02 
1980 01 04 18  3.381466e+02 
1980 01 11 18  3.386608e+02 
1980 01 18 19  3.391171e+02 
1980 01 25 19  3.394890e+02 
1980 02 01 20  3.397729e+02 
1980 02 08 20  3.399881e+02 
1980 02 15 20  3.401703e+02 
1980 02 22 21  3.403612e+02 
1980 02 29 21  3.405960e+02 
1980 03 07 22  3.408943e+02 
1980 03 14 22  3.412550e+02 
1980 03 21 23  3.416574e+02 
1980 03 28 23  3.420674e+02 
1980 04 05  0  3.424457e+02 
1980 04 12  0  3.427580e+02 
1980 04 19  1  3.429808e+02 
1980 04 26  1  3.431050e+02 
1980 05 03  1  3.431345e+02 
1980 05 10  2  3.430813e+02 
1980 05 17  2  3.429586e+02 
1980 05 24  3  3.427757e+02 
1980 05 31  3  3.425335e+02 
1980 06 07  4  3.422256e+02 
1980 06 14  4  3.418415e+02 
1980 06 21  5  3.413730e+02 
1980 06 28  5  3.408209e+02 
1980 07 05  6  3.401996e+02 
1980 07 12  6  3.395380e+02 
1980 07 19  7  3.388763e+02 
1980 07 26  7  3.382588e+02 
1980 08 02  7  3.377250e+02 
1980 08 09  8  3.373014e+02 
1980 08 16  8  3.369966e+02 
1980 08 23  9  3.368008e+02 
1980 08 30  9  3.366895e+02 
1980 09 06 10  3.366316e+02 
1980 09 13 10  3.365979e+02 
1980 09 20 11  3.365690e+02 
1980 09 27 11  3.365391e+02 
1980 10 04 12  3.365167e+02 
1980 10 11 12  3.365205e+02 
1980 10 18 13  3.365730e+02 
1980 10 25 13  3.366937e+02 
1980 11 01 13  3.368928e+02 
1980 11 08 14  3.371686e+02 
1980 11 15 14  3.375074e+02 
1980 11 22 15  3.378869e+02 
1980 11 29 15  3.382812e+02 
1980 12 06 16  3.386665e+02 
1980 12 13 16  3.390258e+02 
1980 12 20 17  3.393511e+02 
1980 12 27 17  3.396431e+02 
1981 01 03 17  3.399096e+02 
1981 01 10 17  3.401608e+02 
1981 01 17 17  3.404063e+02 
1981 01 24 17  3.406517e+02 
1981 01 31 17  3.408983e+02 
1981 02 07 17  3.411435e+02 
1981 02 14 17  3.413835e+02 
1981 02 21 17  3.416158e+02 
1981 02 28 17  3.418408e+02 
1981 03 07 17  3.420625e+02 
1981 03 14 17  3.422870e+02 
1981 03 21 17  3.425195e+02 
1981 03 28 17  3.427612e+02 
1981 04 04 17  3.430071e+02 
1981 04 11 17  3.432451e+02 
1981 04 18 17  3.434567e+02 
1981 04 25 17  3.436198e+02 
1981 05 02 17  3.437127e+02 
1981 05 09 17  3.437177e+02 
1981 05 16 17  3.436244e+02 
1981 05 23 17  3.434316e+02 
1981 05 30 17  3.431472e+02 
1981 06 06 17  3.427874e+02 
1981 06 13 17  3.423735e+02 
1981 06 20 17  3.419287e+02 
1981 06 27 17  3.414746e+02 
1981 07 04 17  3.410283e+02 
1981 07 11 17  3.406000e+02 
1981 07 18 17  3.401928e+02 
1981 07 25 17  3.398038e+02 
1981 08 01 17  3.394263e+02 
1981 08 08 17  3.390536e+02 
1981 08 15 17  3.386828e+02 
1981 08 22 17  3.383170e+02 
1981 08 29 17  3.379669e+02 
1981 09 05 17  3.376500e+02 
1981 09 12 17  3.373881e+02 
1981 09 19 17  3.372030e+02 
1981 09 26 17  3.371129e+02 
1981 10 03 17  3.371283e+02 
1981 10 10 17  3.372502e+02 
1981 10 17 17  3.374691e+02 
1981 10 24 17  3.377670e+02 
1981 10 31 17  3.381197e+02 
1981 11 07 17  3.385004e+02 
1981 11 14 17  3.388837e+02 
1981 11 21 17  3.392482e+02 
1981 11 28 17  3.395792e+02 
1981 12 05 17  3.398695e+02 
1981 12 12 17  3.401195e+02 
1981 12 19 17  3.403358e+02 
1981 12 26 17  3.405291e+02 
1982 01 02 17  3.407118e+02 
1982 01 09 17  3.408955e+02 
1982 01 16 17  3.410887e+02 
1982 01 23 17  3.412959e+02 
1982 01 30 17  3.415172e+02 
1982 02 06 17  3.417494e+02 
1982 02 13 17  3.419873e+02 
1982 02 20 17  3.422260e+02 
1982 02 27 17  3.424618e+02 
1982 03 06 17  3.426930e+02 
1982 03 13 17  3.429191e+02 
1982 03 20 17  3.431394e+02 
1982 03 27 17  3.433511e+02 
1982 04 03 17  3.435477e+02 
1982 04 10 17  3.437191e+02 
1982 04 17 17  3.438521e+02 
1982 04 24 17  3.439333e+02 
1982 05 01 17  3.439525e+02 
1982 05 08 17  3.439054e+02 
1982 05 15 17  3.437958e+02 
1982 05 22 17  3.436346e+02 
1982 05 29 17  3.434378e+02 
1982 06 05 17  3.432212e+02 
1982 06 12 17  3.429964e+02 
1982 06 19 17  3.427658e+02 
1982 06 26 17  3.425220e+02 
1982 07 03 17  3.422486e+02 
1982 07 10 17  3.419250e+02 
1982 07 17 17  3.415325e+02 
1982 07 24 17  3.410608e+02 
1982 07 31 17  3.405128e+02 
1982 08 07 17  3.399068e+02 
1982 08 14 17  3.392747e+02 
1982 08 21 17  3.386575e+02 
1982 08 28 17  3.380987e+02 
1982 09 04 17  3.376375e+02 
1982 09 11 17  3.373029e+02 
1982 09 18 17  3.371098e+02 
1982 09 25 17  3.370591e+02 
1982 10 02 17  3.371386e+02 
1982 10 09 17  3.373267e+02 
1982 10 16 17  3.375972e+02 
1982 10 23 17  3.379233e+02 
1982 10 30 17  3.382814e+02 
1982 11 06 17  3.386531e+02 
1982 11 13 17  3.390265e+02 
1982 11 20 17  3.393956e+02 
1982 11 27 17  3.397591e+02 
1982 12 04 17  3.401179e+02 
1982 12 11 17  3.404728e+02 
1982 12 18 17  3.408221e+02 
1982 12 25 17  3.411598e+02 
1983 01 01 17  3.414757e+02 
1983 01 08 17  3.417565e+02 
1983 01 15 17  3.419887e+02 
1983 01 22 17  3.421622e+02 
1983 01 29 17  3.422752e+02 
1983 02 05 17  3.423365e+02 
1983 02 12 17  3.423673e+02 
1983 02 19 17  3.423987e+02 
1983 02 26 17  3.424671e+02 
1983 03 05 17  3.426070e+02 
1983 03 12 17  3.428433e+02 
1983 03 19 17  3.431850e+02 
1983 03 26 17  3.436215e+02 
1983 04 02 17  3.441236e+02 
1983 04 09 17  3.446484e+02 
1983 04 16 17  3.451472e+02 
1983 04 23 17  3.455742e+02 
1983 04 30 17  3.458949e+02 
1983 05 07 17  3.460905e+02 
1983 05 14 17  3.461593e+02 
1983 05 21 17  3.461133e+02 
1983 05 28 17  3.459732e+02 
1983 06 04 17  3.457611e+02 
1983 06 11 17  3.454960e+02 
1983 06 18 17  3.451895e+02 
1983 06 25 17  3.448456e+02 
1983 07 02 17  3.444629e+02 
1983 07 09 17  3.440376e+02 
1983 07 16 17  3.435682e+02 
1983 07 23 17  3.430585e+02 
1983 07 30 17  3.425193e+02 
1983 08 06 17  3.419687e+02 
1983 08 13 17  3.414300e+02 
1983 08 20 17  3.409290e+02 
1983 08 27 17  3.404905e+02 
1983 09 03 17  3.401346e+02 
1983 09 10 17  3.398747e+02 
1983 09 17 17  3.397157e+02 
1983 09 24 17  3.396544e+02 
1983 10 01 17  3.396811e+02 
1983 10 08 17  3.397819e+02 
1983 10 15 17  3.399418e+02 
1983 10 22 17  3.401471e+02 
1983 10 29 17  3.403877e+02 
1983 11 05 17  3.406572e+02 
1983 11 12 17  3.409525e+02 
1983 11 19 17  3.412723e+02 
1983 11 26 17  3.416150e+02 
1983 12 03 17  3.419769e+02 
1983 12 10 17  3.423505e+02 
1983 12 17 17  3.427249e+02 
1983 12 24 17  3.430865e+02 
1983 12 31 17  3.434209e+02 
1984 01 07 18  3.437152e+02 
1984 01 14 18  3.439607e+02 
1984 01 21 19  3.441554e+02 
1984 01 28 19  3.443047e+02 
1984 02 04 20  3.444212e+02 
1984 02 11 20  3.445237e+02 
1984 02 18 21  3.446341e+02 
1984 02 25 21  3.447734e+02 
1984 03 03 22  3.449582e+02 
1984 03 10 22  3.451970e+02 
1984 03 17 22  3.454886e+02 
1984 03 24 23  3.458213e+02 
1984 03 31 23  3.461753e+02 
1984 04 08  0  3.465255e+02 
1984 04 15  0  3.468458e+02 
1984 04 22  1  3.471134e+02 
1984 04 29  1  3.473111e+02 
1984 05 06  2  3.474296e+02 
1984 05 13  2  3.474669e+02 
1984 05 20  3  3.474267e+02 
1984 05 27  3  3.473161e+02 
1984 06 03  4  3.471435e+02 
1984 06 10  4  3.469163e+02 
1984 06 17  4  3.466400e+02 
1984 06 24  5  3.463185e+02 
1984 07 01  5  3.459537e+02 
1984 07 08  6  3.455473e+02 
1984 07 15  6  3.451016e+02 
1984 07 22  7  3.446206e+02 
1984 07 29  7  3.441118e+02 
1984 08 05  8  3.435864e+02 
1984 08 12  8  3.430606e+02 
1984 08 19  9  3.425550e+02 
1984 08 26  9  3.420936e+02 
1984 09 02 10  3.417016e+02 
1984 09 09 10  3.414018e+02 
1984 09 16 10  3.412113e+02 
1984 09 23 11  3.411384e+02 
1984 09 30 11  3.411804e+02 
1984 10 07 12  3.413243e+02 
1984 10 14 12  3.415488e+02 
1984 10 21 13  3.418281e+02 
1984 10 28 13  3.421365e+02 
1984 11 04 14  3.424520e+02 
1984 11 11 14  3.427583e+02 
1984 11 18 15  3.430457e+02 
1984 11 25 15  3.433091e+02 
1984 12 02 15  3.435467e+02 
1984 12 09 16  3.437581e+02 
1984 12 16 16  3.439435e+02 
1984 12 23 17  3.441051e+02 
1984 12 30 17  3.442480e+02 
1985 01 06 17  3.443815e+02 
1985 01 13 17  3.445189e+02 
1985 01 20 17  3.446756e+02 
1985 01 27 17  3.448653e+02 
1985 02 03 17  3.450964e+02 
1985 02 10 17  3.453692e+02 
1985 02 17 17  3.456748e+02 
1985 02 24 17  3.459974e+02 
1985 03 03 17  3.463189e+02 
1985 03 10 17  3.466235e+02 
1985 03 17 17  3.469022e+02 
1985 03 24 17  3.471542e+02 
1985 03 31 17  3.473861e+02 
1985 04 07 17  3.476074e+02 
1985 04 14 17  3.478261e+02 
1985 04 21 17  3.480441e+02 
1985 04 28 17  3.482551e+02 
1985 05 05 17  3.484453e+02 
1985 05 12 17  3.485959e+02 
1985 05 19 17  3.486872e+02 
1985 05 26 17  3.487027e+02 
1985 06 02 17  3.486313e+02 
1985 06 09 17  3.484681e+02 
1985 06 16 17  3.482139e+02 
1985 06 23 17  3.478743e+02 
1985 06 30 17  3.474588e+02 
1985 07 07 17  3.469800e+02 
1985 07 14 17  3.464543e+02 
1985 07 21 17  3.459014e+02 
1985 07 28 17  3.453437e+02 
1985 08 04 17  3.448040e+02 
1985 08 11 17  3.443035e+02 
1985 08 18 17  3.438589e+02 
1985 08 25 17  3.434808e+02 
1985 09 01 17  3.431735e+02 
1985 09 08 17  3.429366e+02 
1985 09 15 17  3.427673e+02 
1985 09 22 17  3.426633e+02 
1985 09 29 17  3.426242e+02 
1985 10 06 17  3.426514e+02 
1985 10 13 17  3.427468e+02 
1985 10 20 17  3.429102e+02 
1985 10 27 17  3.431375e+02 
1985 11 03 17  3.434189e+02 
1985 11 10 17  3.437401e+02 
1985 11 17 17  3.440836e+02 
1985 11 24 17  3.444311e+02 
1985 12 01 17  3.447666e+02 
1985 12 08 17  3.450774e+02 
1985 12 15 17  3.453548e+02 
1985 12 22 17  3.455941e+02 
1985 12 29 17  3.457937e+02 
1986 01 05 17  3.459548e+02 
1986 01 12 17  3.460817e+02 
1986 01 19 17  3.461825e+02 
1986 01 26 17  3.462689e+02 
1986 02 02 17  3.463566e+02 
1986 02 09 17  3.464633e+02 
1986 02 16 17  3.466060e+02 
1986 02 23 17  3.467985e+02 
1986 03 02 17  3.470479e+02 
1986 03 09 17  3.473531e+02 
1986 03 16 17  3.477049e+02 
1986 03 23 17  3.480871e+02 
1986 03 30 17  3.484798e+02 
1986 04 06 17  3.488617e+02 
1986 04 13 17  3.492129e+02 
1986 04 20 17  3.495160e+02 
1986 04 27 17  3.497568e+02 
1986 05 04 17  3.499236e+02 
1986 05 11 17  3.500071e+02 
1986 05 18 17  3.500003e+02 
1986 05 25 17  3.498992e+02 
1986 06 01 17  3.497040e+02 
1986 06 08 17  3.494204e+02 
1986 06 15 17  3.490597e+02 
1986 06 22 17  3.486387e+02 
1986 06 29 17  3.481780e+02 
1986 07 06 17  3.476992e+02 
1986 07 13 17  3.472227e+02 
1986 07 20 17  3.467641e+02 
1986 07 27 17  3.463334e+02 
1986 08 03 17  3.459336e+02 
1986 08 10 17  3.455623e+02 
1986 08 17 17  3.452137e+02 
1986 08 24 17  3.448818e+02 
1986 08 31 17  3.445639e+02 
1986 09 07 17  3.442636e+02 
1986 09 14 17  3.439925e+02 
1986 09 21 17  3.437698e+02 
1986 09 28 17  3.436198e+02 
1986 10 05 17  3.435668e+02 
1986 10 12 17  3.436296e+02 
1986 10 19 17  3.438156e+02 
1986 10 26 17  3.441176e+02 
1986 11 02 17  3.445126e+02 
1986 11 09 17  3.449652e+02 
1986 11 16 17  3.454336e+02 
1986 11 23 17  3.458773e+02 
1986 11 30 17  3.462647e+02 
1986 12 07 17  3.465784e+02 
1986 12 14 17  3.468170e+02 
1986 12 21 17  3.469932e+02 
1986 12 28 17  3.471286e+02 
1987 01 04 17  3.472474e+02 
1987 01 11 17  3.473705e+02 
1987 01 18 17  3.475112e+02 
1987 01 25 17  3.476748e+02 
1987 02 01 17  3.478596e+02 
1987 02 08 17  3.480606e+02 
1987 02 15 17  3.482735e+02 
1987 02 22 17  3.484968e+02 
1987 03 01 17  3.487332e+02 
1987 03 08 17  3.489886e+02 
1987 03 15 17  3.492692e+02 
1987 03 22 17  3.495786e+02 
1987 03 29 17  3.499152e+02 
1987 04 05 17  3.502710e+02 
1987 04 12 17  3.506314e+02 
1987 04 19 17  3.509774e+02 
1987 04 26 17  3.512884e+02 
1987 05 03 17  3.515449e+02 
1987 05 10 17  3.517314e+02 
1987 05 17 17  3.518373e+02 
1987 05 24 17  3.518575e+02 
1987 05 31 17  3.517916e+02 
1987 06 07 17  3.516422e+02 
1987 06 14 17  3.514139e+02 
1987 06 21 17  3.511122e+02 
1987 06 28 17  3.507437e+02 
1987 07 05 17  3.503167e+02 
1987 07 12 17  3.498426e+02 
1987 07 19 17  3.493365e+02 
1987 07 26 17  3.488173e+02 
1987 08 02 17  3.483070e+02 
1987 08 09 17  3.478276e+02 
1987 08 16 17  3.473992e+02 
1987 08 23 17  3.470370e+02 
1987 08 30 17  3.467501e+02 
1987 09 06 17  3.465413e+02 
1987 09 13 17  3.464090e+02 
1987 09 20 17  3.463496e+02 
1987 09 27 17  3.463599e+02 
1987 10 04 17  3.464386e+02 
1987 10 11 17  3.465857e+02 
1987 10 18 17  3.468005e+02 
1987 10 25 17  3.470789e+02 
1987 11 01 17  3.474107e+02 
1987 11 08 17  3.477781e+02 
1987 11 15 17  3.481580e+02 
1987 11 22 17  3.485248e+02 
1987 11 29 17  3.488563e+02 
1987 12 06 17  3.491384e+02 
1987 12 13 17  3.493687e+02 
1987 12 20 17  3.495568e+02 
1987 12 27 17  3.497216e+02 
1988 01 03 18  3.498860e+02 
1988 01 10 18  3.500701e+02 
1988 01 17 19  3.502866e+02 
1988 01 24 19  3.505376e+02 
1988 01 31 19  3.508154e+02 
1988 02 07 20  3.511060e+02 
1988 02 14 20  3.513945e+02 
1988 02 21 21  3.516699e+02 
1988 02 28 21  3.519286e+02 
1988 03 06 22  3.521748e+02 
1988 03 13 22  3.524181e+02 
1988 03 20 23  3.526691e+02 
1988 03 27 23  3.529347e+02 
1988 04 04  0  3.532147e+02 
1988 04 11  0  3.535003e+02 
1988 04 18  1  3.537753e+02 
1988 04 25  1  3.540198e+02 
1988 05 02  1  3.542140e+02 
1988 05 09  2  3.543428e+02 
1988 05 16  2  3.543982e+02 
1988 05 23  3  3.543798e+02 
1988 05 30  3  3.542930e+02 
1988 06 06  4  3.541470e+02 
1988 06 13  4  3.539506e+02 
1988 06 20  5  3.537096e+02 
1988 06 27  5  3.534259e+02 
1988 07 04  6  3.530972e+02 
1988 07 11  6  3.527194e+02 
1988 07 18  6  3.522901e+02 
1988 07 25  7  3.518116e+02 
1988 08 01  7  3.512942e+02 
1988 08 08  8  3.507571e+02 
1988 08 15  8  3.502277e+02 
1988 08 22  9  3.497377e+02 
1988 08 29  9  3.493190e+02 
1988 09 05 10  3.489974e+02 
1988 09 12 10  3.487886e+02 
1988 09 19 11  3.486952e+02 
1988 09 26 11  3.487067e+02 
1988 10 03 12  3.488028e+02 
1988 10 10 12  3.489583e+02 
1988 10 17 12  3.491492e+02 
1988 10 24 13  3.493575e+02 
1988 10 31 13  3.495749e+02 
1988 11 07 14  3.498022e+02 
1988 11 14 14  3.500470e+02 
1988 11 21 15  3.503190e+02 
1988 11 28 15  3.506248e+02 
1988 12 05 16  3.509639e+02 
1988 12 12 16  3.513271e+02 
1988 12 19 17  3.516968e+02 
1988 12 26 17  3.520509e+02 
1989 01 02 17  3.523669e+02 
1989 01 09 17  3.526273e+02 
1989 01 16 17  3.528234e+02 
1989 01 23 17  3.529570e+02 
1989 01 30 17  3.530410e+02 
1989 02 06 17  3.530969e+02 
1989 02 13 17  3.531510e+02 
1989 02 20 17  3.532308e+02 
1989 02 27 17  3.533596e+02 
1989 03 06 17  3.535536e+02 
1989 03 13 17  3.538183e+02 
1989 03 20 17  3.541477e+02 
1989 03 27 17  3.545246e+02 
1989 04 03 17  3.549232e+02 
1989 04 10 17  3.553121e+02 
1989 04 17 17  3.556599e+02 
1989 04 24 17  3.559397e+02 
1989 05 01 17  3.561333e+02 
1989 05 08 17  3.562332e+02 
1989 05 15 17  3.562430e+02 
1989 05 22 17  3.561748e+02 
1989 05 29 17  3.560448e+02 
1989 06 05 17  3.558685e+02 
1989 06 12 17  3.556565e+02 
1989 06 19 17  3.554111e+02 
1989 06 26 17  3.551268e+02 
1989 07 03 17  3.547923e+02 
1989 07 10 17  3.543949e+02 
1989 07 17 17  3.539258e+02 
1989 07 24 17  3.533846e+02 
1989 07 31 17  3.527823e+02 
1989 08 07 17  3.521418e+02 
1989 08 14 17  3.514952e+02 
1989 08 21 17  3.508800e+02 
1989 08 28 17  3.503337e+02 
1989 09 04 17  3.498889e+02 
1989 09 11 17  3.495695e+02 
1989 09 18 17  3.493884e+02 
1989 09 25 17  3.493473e+02 
1989 10 02 17  3.494375e+02 
1989 10 09 17  3.496419e+02 
1989 10 16 17  3.499369e+02 
1989 10 23 17  3.502950e+02 
1989 10 30 17  3.506878e+02 
1989 11 06 17  3.510883e+02 
1989 11 13 17  3.514741e+02 
1989 11 20 17  3.518300e+02 
1989 11 27 17  3.521490e+02 
1989 12 04 17  3.524329e+02 
1989 12 11 17  3.526904e+02 
1989 12 18 17  3.529343e+02 
1989 12 25 17  3.531770e+02 
1990 01 01 17  3.534276e+02 
1990 01 08 17  3.536892e+02 
1990 01 15 17  3.539591e+02 
1990 01 22 17  3.542296e+02 
1990 01 29 17  3.544918e+02 
1990 02 05 17  3.547379e+02 
1990 02 12 17  3.549645e+02 
1990 02 19 17  3.551725e+02 
1990 02 26 17  3.553672e+02 
1990 03 05 17  3.555558e+02 
1990 03 12 17  3.557455e+02 
1990 03 19 17  3.559410e+02 
1990 03 26 17  3.561443e+02 
1990 04 02 17  3.563532e+02 
1990 04 09 17  3.565626e+02 
1990 04 16 17  3.567643e+02 
1990 04 23 17  3.569473e+02 
1990 04 30 17  3.570988e+02 
1990 05 07 17  3.572040e+02 
1990 05 14 17  3.572483e+02 
1990 05 21 17  3.572183e+02 
1990 05 28 17  3.571047e+02 
1990 06 04 17  3.569042e+02 
1990 06 11 17  3.566202e+02 
1990 06 18 17  3.562629e+02 
1990 06 25 17  3.558471e+02 
1990 07 02 17  3.553898e+02 
1990 07 09 17  3.549069e+02 
1990 07 16 17  3.544119e+02 
1990 07 23 17  3.539156e+02 
1990 07 30 17  3.534266e+02 
1990 08 06 17  3.529539e+02 
1990 08 13 17  3.525081e+02 
1990 08 20 17  3.521020e+02 
1990 08 27 17  3.517497e+02 
1990 09 03 17  3.514644e+02 
1990 09 10 17  3.512562e+02 
1990 09 17 17  3.511299e+02 
1990 09 24 17  3.510856e+02 
1990 10 01 17  3.511196e+02 
1990 10 08 17  3.512270e+02 
1990 10 15 17  3.514039e+02 
1990 10 22 17  3.516482e+02 
1990 10 29 17  3.519583e+02 
1990 11 05 17  3.523300e+02 
1990 11 12 17  3.527532e+02 
1990 11 19 17  3.532091e+02 
1990 11 26 17  3.536706e+02 
1990 12 03 17  3.541050e+02 
1990 12 10 17  3.544808e+02 
1990 12 17 17  3.547742e+02 
1990 12 24 17  3.549761e+02 
1990 12 31 17  3.550950e+02 
1991 01 07 17  3.551564e+02 
1991 01 14 17  3.551971e+02 
1991 01 21 17  3.552571e+02 
1991 01 28 17  3.553704e+02 
1991 02 04 17  3.555580e+02 
1991 02 11 17  3.558239e+02 
1991 02 18 17  3.561557e+02 
1991 02 25 17  3.565298e+02 
1991 03 04 17  3.569181e+02 
1991 03 11 17  3.572951e+02 
1991 03 18 17  3.576439e+02 
1991 03 25 17  3.579583e+02 
1991 04 01 17  3.582411e+02 
1991 04 08 17  3.585005e+02 
1991 04 15 17  3.587440e+02 
1991 04 22 17  3.589725e+02 
1991 04 29 17  3.591775e+02 
1991 05 06 17  3.593399e+02 
1991 05 13 17  3.594333e+02 
1991 05 20 17  3.594298e+02 
1991 05 27 17  3.593067e+02 
1991 06 03 17  3.590535e+02 
1991 06 10 17  3.586754e+02 
1991 06 17 17  3.581941e+02 
1991 06 24 17  3.576434e+02 
1991 07 01 17  3.570627e+02 
1991 07 08 17  3.564883e+02 
1991 07 15 17  3.559460e+02 
1991 07 22 17  3.554467e+02 
1991 07 29 17  3.549873e+02 
1991 08 05 17  3.545547e+02 
1991 08 12 17  3.541337e+02 
1991 08 19 17  3.537152e+02 
1991 08 26 17  3.533017e+02 
1991 09 02 17  3.529097e+02 
1991 09 09 17  3.525661e+02 
1991 09 16 17  3.523021e+02 
1991 09 23 17  3.521444e+02 
1991 09 30 17  3.521087e+02 
1991 10 07 17  3.521951e+02 
1991 10 14 17  3.523892e+02 
1991 10 21 17  3.526658e+02 
1991 10 28 17  3.529962e+02 
1991 11 04 17  3.533547e+02 
1991 11 11 17  3.537230e+02 
1991 11 18 17  3.540916e+02 
1991 11 25 17  3.544579e+02 
1991 12 02 17  3.548222e+02 
1991 12 09 17  3.551834e+02 
1991 12 16 17  3.555359e+02 
1991 12 23 17  3.558697e+02 
1991 12 30 17  3.561719e+02 
1992 01 06 18  3.564313e+02 
1992 01 13 18  3.566422e+02 
1992 01 20 19  3.568071e+02 
1992 01 27 19  3.569378e+02 
1992 02 03 20  3.570522e+02 
1992 02 10 20  3.571711e+02 
1992 02 17 21  3.573124e+02 
1992 02 24 21  3.574870e+02 
1992 03 02 21  3.576967e+02 
1992 03 09 22  3.579345e+02 
1992 03 16 22  3.581876e+02 
1992 03 23 23  3.584423e+02 
1992 03 30 23  3.586878e+02 
1992 04 07  0  3.589191e+02 
1992 04 14  0  3.591372e+02 
1992 04 21  1  3.593462e+02 
1992 04 28  1  3.595483e+02 
1992 05 05  2  3.597389e+02 
1992 05 12  2  3.599037e+02 
1992 05 19  3  3.600185e+02 
1992 05 26  3  3.600533e+02 
1992 06 02  3  3.599793e+02 
1992 06 09  4  3.597766e+02 
1992 06 16  4  3.594406e+02 
1992 06 23  5  3.589851e+02 
1992 06 30  5  3.584404e+02 
1992 07 07  6  3.578466e+02 
1992 07 14  6  3.572457e+02 
1992 07 21  7  3.566722e+02 
1992 07 28  7  3.561478e+02 
1992 08 04  8  3.556792e+02 
1992 08 11  8  3.552610e+02 
1992 08 18  9  3.548818e+02 
1992 08 25  9  3.545313e+02 
1992 09 01  9  3.542057e+02 
1992 09 08 10  3.539106e+02 
1992 09 15 10  3.536598e+02 
1992 09 22 11  3.534717e+02 
1992 09 29 11  3.533630e+02 
1992 10 06 12  3.533451e+02 
1992 10 13 12  3.534200e+02 
1992 10 20 13  3.535806e+02 
1992 10 27 13  3.538127e+02 
1992 11 03 14  3.540976e+02 
1992 11 10 14  3.544160e+02 
1992 11 17 15  3.547499e+02 
1992 11 24 15  3.550839e+02 
1992 12 01 15  3.554056e+02 
1992 12 08 16  3.557048e+02 
1992 12 15 16  3.559745e+02 
1992 12 22 17  3.562104e+02 
1992 12 29 17  3.564124e+02 
1993 01 05 17  3.565842e+02 
1993 01 12 17  3.567337e+02 
1993 01 19 17  3.568707e+02 
1993 01 26 17  3.570052e+02 
1993 02 02 17  3.571447e+02 
1993 02 09 17  3.572934e+02 
1993 02 16 17  3.574518e+02 
1993 02 23 17  3.576191e+02 
1993 03 02 17  3.577952e+02 
1993 03 09 17  3.579835e+02 
1993 03 16 17  3.581913e+02 
1993 03 23 17  3.584277e+02 
1993 03 30 17  3.587007e+02 
1993 04 06 17  3.590117e+02 
1993 04 13 17  3.593521e+02 
1993 04 20 17  3.597014e+02 
1993 04 27 17  3.600297e+02 
1993 05 04 17  3.603024e+02 
1993 05 11 17  3.604873e+02 
1993 05 18 17  3.605615e+02 
1993 05 25 17  3.605160e+02 
1993 06 01 17  3.603568e+02 
1993 06 08 17  3.601011e+02 
1993 06 15 17  3.597723e+02 
1993 06 22 17  3.593928e+02 
1993 06 29 17  3.589787e+02 
1993 07 06 17  3.585369e+02 
1993 07 13 17  3.580667e+02 
1993 07 20 17  3.575639e+02 
1993 07 27 17  3.570258e+02 
1993 08 03 17  3.564571e+02 
1993 08 10 17  3.558727e+02 
1993 08 17 17  3.552976e+02 
1993 08 24 17  3.547639e+02 
1993 08 31 17  3.543056e+02 
1993 09 07 17  3.539523e+02 
1993 09 14 17  3.537242e+02 
1993 09 21 17  3.536285e+02 
1993 09 28 17  3.536589e+02 
1993 10 05 17  3.537974e+02 
1993 10 12 17  3.540183e+02 
1993 10 19 17  3.542934e+02 
1993 10 26 17  3.545970e+02 
1993 11 02 17  3.549099e+02 
1993 11 09 17  3.552217e+02 
1993 11 16 17  3.555307e+02 
1993 11 23 17  3.558417e+02 
1993 11 30 17  3.561621e+02 
1993 12 07 17  3.564977e+02 
1993 12 14 17  3.568486e+02 
1993 12 21 17  3.572073e+02 
1993 12 28 17  3.575595e+02 
1994 01 04 17  3.578865e+02 
1994 01 11 17  3.581709e+02 
1994 01 18 17  3.584007e+02 
1994 01 25 17  3.585740e+02 
1994 02 01 17  3.587000e+02 
1994 02 08 17  3.587979e+02 
1994 02 15 17  3.588919e+02 
1994 02 22 17  3.590064e+02 
1994 03 01 17  3.591602e+02 
1994 03 08 17  3.593631e+02 
1994 03 15 17  3.596150e+02 
1994 03 22 17  3.599072e+02 
1994 03 29 17  3.602254e+02 
1994 04 05 17  3.605532e+02 
1994 04 12 17  3.608739e+02 
1994 04 19 17  3.611711e+02 
1994 04 26 17  3.614287e+02 
1994 05 03 17  3.616296e+02 
1994 05 10 17  3.617562e+02 
1994 05 17 17  3.617923e+02 
1994 05 24 17  3.617258e+02 
1994 05 31 17  3.615530e+02 
1994 06 07 17  3.612807e+02 
1994 06 14 17  3.609262e+02 
1994 06 21 17  3.605150e+02 
1994 06 28 17  3.600743e+02 
1994 07 05 17  3.596278e+02 
1994 07 12 17  3.591893e+02 
1994 07 19 17  3.587615e+02 
1994 07 26 17  3.583374e+02 
1994 08 02 17  3.579057e+02 
1994 08 09 17  3.574579e+02 
1994 08 16 17  3.569944e+02 
1994 08 23 17  3.565279e+02 
1994 08 30 17  3.560826e+02 
1994 09 06 17  3.556903e+02 
1994 09 13 17  3.553825e+02 
1994 09 20 17  3.551850e+02 
1994 09 27 17  3.551123e+02 
1994 10 04 17  3.551666e+02 
1994 10 11 17  3.553398e+02 
1994 10 18 17  3.556172e+02 
1994 10 25 17  3.559817e+02 
1994 11 01 17  3.564160e+02 
1994 11 08 17  3.569030e+02 
1994 11 15 17  3.574252e+02 
1994 11 22 17  3.579616e+02 
1994 11 29 17  3.584878e+02 
1994 12 06 17  3.589765e+02 
1994 12 13 17  3.594012e+02 
1994 12 20 17  3.597414e+02 
1994 12 27 17  3.599873e+02 
1995 01 03 17  3.601433e+02 
1995 01 10 17  3.602277e+02 
1995 01 17 17  3.602705e+02 
1995 01 24 17  3.603063e+02 
1995 01 31 17  3.603683e+02 
1995 02 07 17  3.604810e+02 
1995 02 14 17  3.606564e+02 
1995 02 21 17  3.608929e+02 
1995 02 28 17  3.611767e+02 
1995 03 07 17  3.614870e+02 
1995 03 14 17  3.618010e+02 
1995 03 21 17  3.620993e+02 
1995 03 28 17  3.623698e+02 
1995 04 04 17  3.626091e+02 
1995 04 11 17  3.628210e+02 
1995 04 18 17  3.630139e+02 
1995 04 25 17  3.631960e+02 
1995 05 02 17  3.633707e+02 
1995 05 09 17  3.635339e+02 
1995 05 16 17  3.636720e+02 
1995 05 23 17  3.637637e+02 
1995 05 30 17  3.637837e+02 
1995 06 06 17  3.637075e+02 
1995 06 13 17  3.635177e+02 
1995 06 20 17  3.632084e+02 
1995 06 27 17  3.627879e+02 
1995 07 04 17  3.622783e+02 
1995 07 11 17  3.617118e+02 
1995 07 18 17  3.611253e+02 
1995 07 25 17  3.605540e+02 
1995 08 01 17  3.600256e+02 
1995 08 08 17  3.595568e+02 
1995 08 15 17  3.591531e+02 
1995 08 22 17  3.588115e+02 
1995 08 29 17  3.585247e+02 
1995 09 05 17  3.582865e+02 
1995 09 12 17  3.580956e+02 
1995 09 19 17  3.579568e+02 
1995 09 26 17  3.578797e+02 
1995 10 03 17  3.578758e+02 
1995 10 10 17  3.579537e+02 
1995 10 17 17  3.581159e+02 
1995 10 24 17  3.583570e+02 
1995 10 31 17  3.586638e+02 
1995 11 07 17  3.590179e+02 
1995 11 14 17  3.593986e+02 
1995 11 21 17  3.597863e+02 
1995 11 28 17  3.601644e+02 
1995 12 05 17  3.605207e+02 
1995 12 12 17  3.608474e+02 
1995 12 19 17  3.611414e+02 
1995 12 26 17  3.614039e+02 
1996 01 02 18  3.616400e+02 
1996 01 09 18  3.618585e+02 
1996 01 16 18  3.620707e+02 
1996 01 23 19  3.622883e+02 
1996 01 30 19  3.625206e+02 
1996 02 06 20  3.627722e+02 
1996 02 13 20  3.630412e+02 
1996 02 20 21  3.633195e+02 
1996 02 27 21  3.635942e+02 
1996 03 05 22  3.638518e+02 
1996 03 12 22  3.640817e+02 
1996 03 19 23  3.642790e+02 
1996 03 26 23  3.644462e+02 
1996 04 03  0  3.645917e+02 
1996 04 10  0  3.647269e+02 
1996 04 17  0  3.648619e+02 
1996 04 24  1  3.650020e+02 
1996 05 01  1  3.651449e+02 
1996 05 08  2  3.652808e+02 
1996 05 15  2  3.653937e+02 
1996 05 22  3  3.654651e+02 
1996 05 29  3  3.654774e+02 
1996 06 05  4  3.654176e+02 
1996 06 12  4  3.652792e+02 
1996 06 19  5  3.650628e+02 
1996 06 26  5  3.647743e+02 
1996 07 03  5  3.644229e+02 
1996 07 10  6  3.640182e+02 
1996 07 17  6  3.635681e+02 
1996 07 24  7  3.630785e+02 
1996 07 31  7  3.625538e+02 
1996 08 07  8  3.619997e+02 
1996 08 14  8  3.614262e+02 
1996 08 21  9  3.608501e+02 
1996 08 28  9  3.602961e+02 
1996 09 04 10  3.597951e+02 
1996 09 11 10  3.593810e+02 
1996 09 18 11  3.590845e+02 
1996 09 25 11  3.589277e+02 
1996 10 02 11  3.589190e+02 
1996 10 09 12  3.590510e+02 
1996 10 16 12  3.593012e+02 
1996 10 23 13  3.596361e+02 
1996 10 30 13  3.600174e+02 
1996 11 06 14  3.604083e+02 
1996 11 13 14  3.607804e+02 
1996 11 20 15  3.611164e+02 
1996 11 27 15  3.614120e+02 
1996 12 04 16  3.616734e+02 
1996 12 11 16  3.619131e+02 
1996 12 18 17  3.621448e+02 
1996 12 25 17  3.623787e+02 
1997 01 01 17  3.626182e+02 
1997 01 08 17  3.628591e+02 
1997 01 15 17  3.630920e+02 
1997 01 22 17  3.633062e+02 
1997 01 29 17  3.634948e+02 
1997 02 05 17  3.636586e+02 
1997 02 12 17  3.638088e+02 
1997 02 19 17  3.639654e+02 
1997 02 26 17  3.641530e+02 
1997 03 05 17  3.643941e+02 
1997 03 12 17  3.647021e+02 
1997 03 19 17  3.650756e+02 
1997 03 26 17  3.654963e+02 
1997 04 02 17  3.659310e+02 
1997 04 09 17  3.663374e+02 
1997 04 16 17  3.666720e+02 
1997 04 23 17  3.668997e+02 
1997 04 30 17  3.669992e+02 
1997 05 07 17  3.669674e+02 
1997 05 14 17  3.668179e+02 
1997 05 21 17  3.665771e+02 
1997 05 28 17  3.662778e+02 
1997 06 04 17  3.659517e+02 
1997 06 11 17  3.656242e+02 
1997 06 18 17  3.653103e+02 
1997 06 25 17  3.650131e+02 
1997 07 02 17  3.647252e+02 
1997 07 09 17  3.644319e+02 
1997 07 16 17  3.641153e+02 
1997 07 23 17  3.637591e+02 
1997 07 30 17  3.633528e+02 
1997 08 06 17  3.628958e+02 
1997 08 13 17  3.623984e+02 
1997 08 20 17  3.618825e+02 
1997 08 27 17  3.613792e+02 
1997 09 03 17  3.609244e+02 
1997 09 10 17  3.605542e+02 
1997 09 17 17  3.602990e+02 
1997 09 24 17  3.601791e+02 
1997 10 01 17  3.602017e+02 
1997 10 08 17  3.603603e+02 
1997 10 15 17  3.606362e+02 
1997 10 22 17  3.610023e+02 
1997 10 29 17  3.614270e+02 
1997 11 05 17  3.618796e+02 
1997 11 12 17  3.623335e+02 
1997 11 19 17  3.627694e+02 
1997 11 26 17  3.631752e+02 
1997 12 03 17  3.635463e+02 
1997 12 10 17  3.638830e+02 
1997 12 17 17  3.641886e+02 
1997 12 24 17  3.644673e+02 
1997 12 31 17  3.647227e+02 
1998 01 07 17  3.649573e+02 
1998 01 14 17  3.651733e+02 
1998 01 21 17  3.653734e+02 
1998 01 28 17  3.655622e+02 
1998 02 04 17  3.657469e+02 
1998 02 11 17  3.659369e+02 
1998 02 18 17  3.661429e+02 
1998 02 25 17  3.663752e+02 
1998 03 04 17  3.666412e+02 
1998 03 11 17  3.669438e+02 
1998 03 18 17  3.672800e+02 
1998 03 25 17  3.676406e+02 
1998 04 01 17  3.680109e+02 
1998 04 08 17  3.683724e+02 
1998 04 15 17  3.687050e+02 
1998 04 22 17  3.689894e+02 
1998 04 29 17  3.692101e+02 
1998 05 06 17  3.693571e+02 
1998 05 13 17  3.694274e+02 
1998 05 20 17  3.694248e+02 
1998 05 27 17  3.693585e+02 
1998 06 03 17  3.692405e+02 
1998 06 10 17  3.690822e+02 
1998 06 17 17  3.688915e+02 
1998 06 24 17  3.686706e+02 
1998 07 01 17  3.684159e+02 
1998 07 08 17  3.681204e+02 
1998 07 15 17  3.677765e+02 
1998 07 22 17  3.673807e+02 
1998 07 29 17  3.669363e+02 
1998 08 05 17  3.664553e+02 
1998 08 12 17  3.659575e+02 
1998 08 19 17  3.654672e+02 
1998 08 26 17  3.650098e+02 
1998 09 02 17  3.646079e+02 
1998 09 09 17  3.642787e+02 
1998 09 16 17  3.640335e+02 
1998 09 23 17  3.638791e+02 
1998 09 30 17  3.638188e+02 
1998 10 07 17  3.638543e+02 
1998 10 14 17  3.639862e+02 
1998 10 21 17  3.642124e+02 
1998 10 28 17  3.645269e+02 
1998 11 04 17  3.649178e+02 
1998 11 11 17  3.653668e+02 
1998 11 18 17  3.658500e+02 
1998 11 25 17  3.663403e+02 
1998 12 02 17  3.668105e+02 
1998 12 09 17  3.672371e+02 
1998 12 16 17  3.676024e+02 
1998 12 23 17  3.678960e+02 
1998 12 30 17  3.681154e+02 
1999 01 06 17  3.682653e+02 
1999 01 13 17  3.683569e+02 
1999 01 20 17  3.684075e+02 
1999 01 27 17  3.684390e+02 
1999 02 03 17  3.684765e+02 
1999 02 10 17  3.685451e+02 
1999 02 17 17  3.686659e+02 
1999 02 24 17  3.688524e+02 
1999 03 03 17  3.691064e+02 
1999 03 10 17  3.694170e+02 
1999 03 17 17  3.697611e+02 
1999 03 24 17  3.701085e+02 
1999 03 31 17  3.704266e+02 
1999 04 07 17  3.706880e+02 
1999 04 14 17  3.708750e+02 
1999 04 21 17  3.709824e+02 
1999 04 28 17  3.710172e+02 
1999 05 05 17  3.709950e+02 
1999 05 12 17  3.709353e+02 
1999 05 19 17  3.708557e+02 
1999 05 26 17  3.707682e+02 
1999 06 02 17  3.706759e+02 
1999 06 09 17  3.705737e+02 
1999 06 16 17  3.704489e+02 
1999 06 23 17  3.702846e+02 
1999 06 30 17  3.700633e+02 
1999 07 07 17  3.697700e+02 
1999 07 14 17  3.693957e+02 
1999 07 21 17  3.689398e+02 
1999 07 28 17  3.684115e+02 
1999 08 04 17  3.678299e+02 
1999 08 11 17  3.672225e+02 
1999 08 18 17  3.666231e+02 
1999 08 25 17  3.660676e+02 
1999 09 01 17  3.655904e+02 
1999 09 08 17  3.652198e+02 
1999 09 15 17  3.649752e+02 
1999 09 22 17  3.648647e+02 
1999 09 29 17  3.648852e+02 
1999 10 06 17  3.650233e+02 
1999 10 13 17  3.652578e+02 
1999 10 20 17  3.655629e+02 
1999 10 27 17  3.659124e+02 
1999 11 03 17  3.662826e+02 
1999 11 10 17  3.666556e+02 
1999 11 17 17  3.670202e+02 
1999 11 24 17  3.673725e+02 
1999 12 01 17  3.677138e+02 
1999 12 08 17  3.680476e+02 
1999 12 15 17  3.683766e+02 
1999 12 22 17  3.686997e+02 
1999 12 29 17  3.690102e+02 
2000 01 05 18  3.692971e+02 
2000 01 12 18  3.695476e+02 
2000 01 19 19  3.697514e+02 
2000 01 26 19  3.699051e+02 
2000 02 02 20  3.700150e+02 
2000 02 09 20  3.700975e+02 
2000 02 16 20  3.701758e+02 
2000 02 23 21  3.702748e+02 
2000 03 01 21  3.704142e+02 
2000 03 08 22  3.706031e+02 
2000 03 15 22  3.708368e+02 
2000 03 22 23  3.710977e+02 
2000 03 29 23  3.713599e+02 
2000 04 06  0  3.715956e+02 
2000 04 13  0  3.717827e+02 
2000 04 20  1  3.719089e+02 
2000 04 27  1  3.719742e+02 
2000 05 04  2  3.719879e+02 
2000 05 11  2  3.719644e+02 
2000 05 18  2  3.719164e+02 
2000 05 25  3  3.718507e+02 
2000 06 01  3  3.717651e+02 
2000 06 08  4  3.716500e+02 
2000 06 15  4  3.714914e+02 
2000 06 22  5  3.712763e+02 
2000 06 29  5  3.709969e+02 
2000 07 06  6  3.706533e+02 
2000 07 13  6  3.702543e+02 
2000 07 20  7  3.698148e+02 
2000 07 27  7  3.693535e+02 
2000 08 03  8  3.688892e+02 
2000 08 10  8  3.684391e+02 
2000 08 17  8  3.680180e+02 
2000 08 24  9  3.676392e+02 
2000 08 31  9  3.673149e+02 
2000 09 07 10  3.670571e+02 
2000 09 14 10  3.668769e+02 
2000 09 21 11  3.667831e+02 
2000 09 28 11  3.667799e+02 
2000 10 05 12  3.668650e+02 
2000 10 12 12  3.670293e+02 
2000 10 19 13  3.672572e+02 
2000 10 26 13  3.675293e+02 
2000 11 02 14  3.678260e+02 
2000 11 09 14  3.681300e+02 
2000 11 16 14  3.684295e+02 
2000 11 23 15  3.687183e+02 
2000 11 30 15  3.689955e+02 
2000 12 07 16  3.692631e+02 
2000 12 14 16  3.695246e+02 
2000 12 21 17  3.697824e+02 
2000 12 28 17  3.700371e+02 
2001 01 04 17  3.702882e+02 
2001 01 11 17  3.705346e+02 
2001 01 18 17  3.707758e+02 
2001 01 25 17  3.710130e+02 
2001 02 01 17  3.712491e+02 
2001 02 08 17  3.714880e+02 
2001 02 15 17  3.717329e+02 
2001 02 22 17  3.719854e+02 
2001 03 01 17  3.722441e+02 
2001 03 08 17  3.725047e+02 
2001 03 15 17  3.727608e+02 
2001 03 22 17  3.730060e+02 
2001 03 29 17  3.732352e+02 
2001 04 05 17  3.734457e+02 
2001 04 12 17  3.736377e+02 
2001 04 19 17  3.738123e+02 
2001 04 26 17  3.739689e+02 
2001 05 03 17  3.741027e+02 
2001 05 10 17  3.742026e+02 
2001 05 17 17  3.742511e+02 
2001 05 24 17  3.742267e+02 
2001 05 31 17  3.741090e+02 
2001 06 07 17  3.738836e+02 
2001 06 14 17  3.735480e+02 
2001 06 21 17  3.731135e+02 
2001 06 28 17  3.726047e+02 
2001 07 05 17  3.720554e+02 
2001 07 12 17  3.715013e+02 
2001 07 19 17  3.709728e+02 
2001 07 26 17  3.704894e+02 
2001 08 02 17  3.700576e+02 
2001 08 09 17  3.696723e+02 
2001 08 16 17  3.693227e+02 
2001 08 23 17  3.689983e+02 
2001 08 30 17  3.686959e+02 
2001 09 06 17  3.684222e+02 
2001 09 13 17  3.681940e+02 
2001 09 20 17  3.680341e+02 
2001 09 27 17  3.679651e+02 
2001 10 04 17  3.680035e+02 
2001 10 11 17  3.681546e+02 
2001 10 18 17  3.684107e+02 
2001 10 25 17  3.687527e+02 
2001 11 01 17  3.691533e+02 
2001 11 08 17  3.695824e+02 
2001 11 15 17  3.700114e+02 
2001 11 22 17  3.704174e+02 
2001 11 29 17  3.707844e+02 
2001 12 06 17  3.711039e+02 
2001 12 13 17  3.713737e+02 
2001 12 20 17  3.715971e+02 
2001 12 27 17  3.717809e+02 
2002 01 03 17  3.719349e+02 
2002 01 10 17  3.720705e+02 
2002 01 17 17  3.721997e+02 
2002 01 24 17  3.723346e+02 
2002 01 31 17  3.724853e+02 
2002 02 07 17  3.726591e+02 
2002 02 14 17  3.728593e+02 
2002 02 21 17  3.730847e+02 
2002 02 28 17  3.733296e+02 
2002 03 07 17  3.735856e+02 
2002 03 14 17  3.738428e+02 
2002 03 21 17  3.740922e+02 
2002 03 28 17  3.743273e+02 
2002 04 04 17  3.745451e+02 
2002 04 11 17  3.747460e+02 
2002 04 18 17  3.749330e+02 
2002 04 25 17  3.751093e+02 
2002 05 02 17  3.752764e+02 
2002 05 09 17  3.754322e+02 
2002 05 16 17  3.755694e+02 
2002 05 23 17  3.756760e+02 
2002 05 30 17  3.757364e+02 
2002 06 06 17  3.757333e+02 
2002 06 13 17  3.756506e+02 
2002 06 20 17  3.754759e+02 
2002 06 27 17  3.752024e+02 
2002 07 04 17  3.748301e+02 
2002 07 11 17  3.743663e+02 
2002 07 18 17  3.738248e+02 
2002 07 25 17  3.732254e+02 
2002 08 01 17  3.725923e+02 
2002 08 08 17  3.719534e+02 
2002 08 15 17  3.713382e+02 
2002 08 22 17  3.707770e+02 
2002 08 29 17  3.702982e+02 
2002 09 05 17  3.699271e+02 
2002 09 12 17  3.696831e+02 
2002 09 19 17  3.695780e+02 
2002 09 26 17  3.696145e+02 
2002 10 03 17  3.697854e+02 
2002 10 10 17  3.700741e+02 
2002 10 17 17  3.704557e+02 
2002 10 24 17  3.709002e+02 
2002 10 31 17  3.713751e+02 
2002 11 07 17  3.718494e+02 
2002 11 14 17  3.722969e+02 
2002 11 21 17  3.726992e+02 
2002 11 28 17  3.730473e+02 
2002 12 05 17  3.733415e+02 
2002 12 12 17  3.735905e+02 
2002 12 19 17  3.738083e+02 
2002 12 26 17  3.740110e+02 
2003 01 02 17  3.742138e+02 
2003 01 09 17  3.744273e+02 
2003 01 16 17  3.746570e+02 
2003 01 23 17  3.749029e+02 
2003 01 30 17  3.751606e+02 
2003 02 06 17  3.754240e+02 
2003 02 13 17  3.756874e+02 
2003 02 20 17  3.759474e+02 
2003 02 27 17  3.762036e+02 
2003 03 06 17  3.764590e+02 
2003 03 13 17  3.767183e+02 
2003 03 20 17  3.769865e+02 
2003 03 27 17  3.772666e+02 
2003 04 03 17  3.775582e+02 
2003 04 10 17  3.778558e+02 
2003 04 17 17  3.781490e+02 
2003 04 24 17  3.784223e+02 
2003 05 01 17  3.786569e+02 
2003 05 08 17  3.788327e+02 
2003 05 15 17  3.789311e+02 
2003 05 22 17  3.789384e+02 
2003 05 29 17  3.788484e+02 
2003 06 05 17  3.786637e+02 
2003 06 12 17  3.783957e+02 
2003 06 19 17  3.780627e+02 
2003 06 26 17  3.776855e+02 
2003 07 03 17  3.772838e+02 
2003 07 10 17  3.768718e+02 
2003 07 17 17  3.764557e+02 
2003 07 24 17  3.760347e+02 
2003 07 31 17  3.756030e+02 
2003 08 07 17  3.751547e+02 
2003 08 14 17  3.746890e+02 
2003 08 21 17  3.742141e+02 
2003 08 28 17  3.737493e+02 
2003 09 04 17  3.733230e+02 
2003 09 11 17  3.729693e+02 
2003 09 18 17  3.727213e+02 
2003 09 25 17  3.726048e+02 
2003 10 02 17  3.726324e+02 
2003 10 09 17  3.728010e+02 
2003 10 16 17  3.730911e+02 
2003 10 23 17  3.734704e+02 
2003 10 30 17  3.738994e+02 
2003 11 06 17  3.743378e+02 
2003 11 13 17  3.747518e+02 
2003 11 20 17  3.751179e+02 
2003 11 27 17  3.754262e+02 
2003 12 04 17  3.756789e+02 
2003 12 11 17  3.758878e+02 
2003 12 18 17  3.760689e+02 
2003 12 25 17  3.762383e+02 
2004 01 01 17  3.764083e+02 
2004 01 08 18  3.765864e+02 
2004 01 15 18  3.767757e+02 
2004 01 22 19  3.769780e+02 
2004 01 29 19  3.771959e+02 
2004 02 05 20  3.774349e+02 
2004 02 12 20  3.777031e+02 
2004 02 19 21  3.780082e+02 
2004 02 26 21  3.783542e+02 
2004 03 04 22  3.787379e+02 
2004 03 11 22  3.791461e+02 
2004 03 18 23  3.795576e+02 
2004 03 25 23  3.799458e+02 
2004 04 01 23  3.802851e+02 
2004 04 09  0  3.805560e+02 
2004 04 16  0  3.807491e+02 
2004 04 23  1  3.808651e+02 
2004 04 30  1  3.809122e+02 
2004 05 07  2  3.809007e+02 
2004 05 14  2  3.808377e+02 
2004 05 21  3  3.807232e+02 
2004 05 28  3  3.805503e+02 
2004 06 04  4  3.803078e+02 
2004 06 11  4  3.799863e+02 
2004 06 18  5  3.795836e+02 
2004 06 25  5  3.791087e+02 
2004 07 02  5  3.785818e+02 
2004 07 09  6  3.780304e+02 
2004 07 16  6  3.774830e+02 
2004 07 23  7  3.769625e+02 
2004 07 30  7  3.764816e+02 
2004 08 06  8  3.760417e+02 
2004 08 13  8  3.756364e+02 
2004 08 20  9  3.752572e+02 
2004 08 27  9  3.749007e+02 
2004 09 03 10  3.745732e+02 
2004 09 10 10  3.742920e+02 
2004 09 17 10  3.740830e+02 
2004 09 24 11  3.739744e+02 
2004 10 01 11  3.739886e+02 
2004 10 08 12  3.741359e+02 
2004 10 15 12  3.744104e+02 
2004 10 22 13  3.747897e+02 
2004 10 29 13  3.752392e+02 
2004 11 05 14  3.757179e+02 
2004 11 12 14  3.761862e+02 
2004 11 19 15  3.766119e+02 
2004 11 26 15  3.769750e+02 
2004 12 03 16  3.772690e+02 
2004 12 10 16  3.775007e+02 
2004 12 17 16  3.776872e+02 
2004 12 24 17  3.778529e+02 
2004 12 31 17  3.780250e+02 
2005 01 07 17  3.782295e+02 
2005 01 14 17  3.784872e+02 
2005 01 21 17  3.788102e+02 
2005 01 28 17  3.791990e+02 
2005 02 04 17  3.796420e+02 
2005 02 11 17  3.801157e+02 
2005 02 18 17  3.805888e+02 
2005 02 25 17  3.810270e+02 
2005 03 04 17  3.814002e+02 
2005 03 11 17  3.816882e+02 
2005 03 18 17  3.818856e+02 
2005 03 25 17  3.820025e+02 
2005 04 01 17  3.820620e+02 
2005 04 08 17  3.820944e+02 
2005 04 15 17  3.821288e+02 
2005 04 22 17  3.821864e+02 
2005 04 29 17  3.822743e+02 
2005 05 06 17  3.823846e+02 
2005 05 13 17  3.824968e+02 
2005 05 20 17  3.825832e+02 
2005 05 27 17  3.826167e+02 
2005 06 03 17  3.825769e+02 
2005 06 10 17  3.824546e+02 
2005 06 17 17  3.822520e+02 
2005 06 24 17  3.819802e+02 
2005 07 01 17  3.816543e+02 
2005 07 08 17  3.812880e+02 
2005 07 15 17  3.808897e+02 
2005 07 22 17  3.804617e+02 
2005 07 29 17  3.800023e+02 
2005 08 05 17  3.795100e+02 
2005 08 12 17  3.789889e+02 
2005 08 19 17  3.784524e+02 
2005 08 26 17  3.779249e+02 
2005 09 02 17  3.774394e+02 
2005 09 09 17  3.770329e+02 
2005 09 16 17  3.767392e+02 
2005 09 23 17  3.765824e+02 
2005 09 30 17  3.765716e+02 
2005 10 07 17  3.766997e+02 
2005 10 14 17  3.769443e+02 
2005 10 21 17  3.772735e+02 
2005 10 28 17  3.776513e+02 
2005 11 04 17  3.780451e+02 
2005 11 11 17  3.784301e+02 
2005 11 18 17  3.787922e+02 
2005 11 25 17  3.791280e+02 
2005 12 02 17  3.794423e+02 
2005 12 09 17  3.797438e+02 
2005 12 16 17  3.800411e+02 
2005 12 23 17  3.803390e+02 
2005 12 30 17  3.806363e+02 
2006 01 06 17  3.809255e+02 
2006 01 13 17  3.811950e+02 
2006 01 20 17  3.814327e+02 
2006 01 27 17  3.816300e+02 
2006 02 03 17  3.817858e+02 
2006 02 10 17  3.819092e+02 
2006 02 17 17  3.820193e+02 
2006 02 24 17  3.821431e+02 
2006 03 03 17  3.823100e+02 
2006 03 10 17  3.825452e+02 
2006 03 17 17  3.828635e+02 
2006 03 24 17  3.832638e+02 
2006 03 31 17  3.837275e+02 
2006 04 07 17  3.842198e+02 
2006 04 14 17  3.846957e+02 
2006 04 21 17  3.851074e+02 
2006 04 28 17  3.854130e+02 
2006 05 05 17  3.855834e+02 
2006 05 12 17  3.856074e+02 
2006 05 19 17  3.854916e+02 
2006 05 26 17  3.852573e+02 
2006 06 02 17  3.849346e+02 
2006 06 09 17  3.845552e+02 
2006 06 16 17  3.841455e+02 
2006 06 23 17  3.837226e+02 
2006 06 30 17  3.832926e+02 
2006 07 07 17  3.828527e+02 
2006 07 14 17  3.823954e+02 
2006 07 21 17  3.819138e+02 
2006 07 28 17  3.814070e+02 
2006 08 04 17  3.808830e+02 
2006 08 11 17  3.803597e+02 
2006 08 18 17  3.798621e+02 
2006 08 25 17  3.794191e+02 
2006 09 01 17  3.790576e+02 
2006 09 08 17  3.787978e+02 
2006 09 15 17  3.786502e+02 
2006 09 22 17  3.786144e+02 
2006 09 29 17  3.786803e+02 
2006 10 06 17  3.788307e+02 
2006 10 13 17  3.790451e+02 
2006 10 20 17  3.793031e+02 
2006 10 27 17  3.795873e+02 
2006 11 03 17  3.798844e+02 
2006 11 10 17  3.801861e+02 
2006 11 17 17  3.804886e+02 
2006 11 24 17  3.807916e+02 
2006 12 01 17  3.810972e+02 
2006 12 08 17  3.814087e+02 
2006 12 15 17  3.817290e+02 
2006 12 22 17  3.820589e+02 
2006 12 29 17  3.823964e+02 
2007 01 05 17  3.827359e+02 
2007 01 12 17  3.830687e+02 
2007 01 19 17  3.833850e+02 
2007 01 26 17  3.836762e+02 
2007 02 02 17  3.839381e+02 
2007 02 09 17  3.841725e+02 
2007 02 16 17  3.843882e+02 
2007 02 23 17  3.845990e+02 
2007 03 02 17  3.848200e+02 
2007 03 09 17  3.850637e+02 
2007 03 16 17  3.853349e+02 
2007 03 23 17  3.856293e+02 
2007 03 30 17  3.859329e+02 
2007 04 06 17  3.862254e+02 
2007 04 13 17  3.864847e+02 
2007 04 20 17  3.866926e+02 
2007 04 27 17  3.868384e+02 
2007 05 04 17  3.869206e+02 
2007 05 11 17  3.869451e+02 
2007 05 18 17  3.869216e+02 
2007 05 25 17  3.868579e+02 
2007 06 01 17  3.867560e+02 
2007 06 08 17  3.866093e+02 
2007 06 15 17  3.864037e+02 
2007 06 22 17  3.861212e+02 
2007 06 29 17  3.857456e+02 
2007 07 06 17  3.852685e+02 
2007 07 13 17  3.846941e+02 
2007 07 20 17  3.840409e+02 
2007 07 27 17  3.833406e+02 
2007 08 03 17  3.826339e+02 
2007 08 10 17  3.819644e+02 
2007 08 17 17  3.813722e+02 
2007 08 24 17  3.808894e+02 
2007 08 31 17  3.805362e+02 
2007 09 07 17  3.803204e+02 
2007 09 14 17  3.802386e+02 
2007 09 21 17  3.802782e+02 
2007 09 28 17  3.804203e+02 
2007 10 05 17  3.806430e+02 
2007 10 12 17  3.809231e+02 
2007 10 19 17  3.812389e+02 
2007 10 26 17  3.815720e+02 
2007 11 02 17  3.819089e+02 
2007 11 09 17  3.822426e+02 
2007 11 16 17  3.825726e+02 
2007 11 23 17  3.829041e+02 
2007 11 30 17  3.832450e+02 
2007 12 07 17  3.836026e+02 
2007 12 14 17  3.839791e+02 
2007 12 21 17  3.843690e+02 
2007 12 28 17  3.847579e+02 
2008 01 04 18  3.851232e+02 
2008 01 11 18  3.854387e+02 
2008 01 18 19  3.856797e+02 
2008 01 25 19  3.858286e+02 
2008 02 01 20  3.858805e+02 
2008 02 08 20  3.858449e+02 
2008 02 15 20  3.857461e+02 
2008 02 22 21  3.856196e+02 
2008 02 29 21  3.855071e+02 
2008 03 07 22  3.854500e+02 
2008 03 14 22  3.854831e+02 
2008 03 21 23  3.856287e+02 
2008 03 28 23  3.858934e+02 
2008 04 05  0  3.862664e+02 
2008 04 12  0  3.867207e+02 
2008 04 19  1  3.872174e+02 
2008 04 26  1  3.877109e+02 
2008 05 03  1  3.881560e+02 
2008 05 10  2  3.885142e+02 
2008 05 17  2  3.887589e+02 
2008 05 24  3  3.888775e+02 
2008 05 31  3  3.888710e+02 
2008 06 07  4  3.887506e+02 
2008 06 14  4  3.885334e+02 
2008 06 21  5  3.882368e+02 
2008 06 28  5  3.878754e+02 
2008 07 05  6  3.874593e+02 
2008 07 12  6  3.869951e+02 
2008 07 19  7  3.864882e+02 
2008 07 26  7  3.859463e+02 
2008 08 02  7  3.853815e+02 
2008 08 09  8  3.848121e+02 
2008 08 16  8  3.842609e+02 
2008 08 23  9  3.837535e+02 
2008 08 30  9  3.833145e+02 
2008 09 06 10  3.829644e+02 
2008 09 13 10  3.827169e+02 
2008 09 20 11  3.825773e+02 
2008 09 27 11  3.825429e+02 
2008 10 04 12  3.826037e+02 
2008 10 11 12  3.827448e+02 
2008 10 18 13  3.829489e+02 
2008 10 25 13  3.831991e+02 
2008 11 01 13  3.834810e+02 
2008 11 08 14  3.837840e+02 
2008 11 15 14  3.841020e+02 
2008 11 22 15  3.844321e+02 
2008 11 29 15  3.847727e+02 
2008 12 06 16  3.851217e+02 
2008 12 13 16  3.854743e+02 
2008 12 20 17  3.858230e+02 
2008 12 27 17  3.861576e+02 
2009 01 03 17  3.864679e+02 
2009 01 10 17  3.867460e+02 
2009 01 17 17  3.869885e+02 
2009 01 24 17  3.871975e+02 
2009 01 31 17  3.873803e+02 
2009 02 07 17  3.875469e+02 
2009 02 14 17  3.877072e+02 
2009 02 21 17  3.878690e+02 
2009 02 28 17  3.880367e+02 
2009 03 07 17  3.882114e+02 
2009 03 14 17  3.883930e+02 
2009 03 21 17  3.885820e+02 
2009 03 28 17  3.887802e+02 
2009 04 04 17  3.889905e+02 
2009 04 11 17  3.892144e+02 
2009 04 18 17  3.894487e+02 
2009 04 25 17  3.896829e+02 
2009 05 02 17  3.898985e+02 
2009 05 09 17  3.900703e+02 
2009 05 16 17  3.901713e+02 
2009 05 23 17  3.901783e+02 
2009 05 30 17  3.900782e+02 
2009 06 06 17  3.898709e+02 
2009 06 13 17  3.895698e+02 
2009 06 20 17  3.891986e+02 
2009 06 27 17  3.887848e+02 
2009 07 04 17  3.883540e+02 
2009 07 11 17  3.879239e+02 
2009 07 18 17  3.875027e+02 
2009 07 25 17  3.870899e+02 
2009 08 01 17  3.866802e+02 
2009 08 08 17  3.862687e+02 
2009 08 15 17  3.858557e+02 
2009 08 22 17  3.854492e+02 
2009 08 29 17  3.850651e+02 
2009 09 05 17  3.847249e+02 
2009 09 12 17  3.844513e+02 
2009 09 19 17  3.842645e+02 
2009 09 26 17  3.841783e+02 
2009 10 03 17  3.841987e+02 
2009 10 10 17  3.843231e+02 
2009 10 17 17  3.845416e+02 
2009 10 24 17  3.848383e+02 
2009 10 31 17  3.851934e+02 
2009 11 07 17  3.855846e+02 
2009 11 14 17  3.859894e+02 
2009 11 21 17  3.863865e+02 
2009 11 28 17  3.867588e+02 
2009 12 05 17  3.870947e+02 
2009 12 12 17  3.873902e+02 
2009 12 19 17  3.876489e+02 
2009 12 26 17  3.878814e+02 
2010 01 02 17  3.881021e+02 
2010 01 09 17  3.883263e+02 
2010 01 16 17  3.885660e+02 
2010 01 23 17  3.888274e+02 
2010 01 30 17  3.891099e+02 
2010 02 06 17  3.894071e+02 
2010 02 13 17  3.897102e+02 
2010 02 20 17  3.900112e+02 
2010 02 27 17  3.903062e+02 
2010 03 06 17  3.905973e+02 
2010 03 13 17  3.908918e+02 
2010 03 20 17  3.911994e+02 
2010 03 27 17  3.915281e+02 
2010 04 03 17  3.918796e+02 
2010 04 10 17  3.922458e+02 
2010 04 17 17  3.926086e+02 
2010 04 24 17  3.929408e+02 
2010 05 01 17  3.932109e+02 
2010 05 08 17  3.933888e+02 
2010 05 15 17  3.934517e+02 
2010 05 22 17  3.933883e+02 
2010 05 29 17  3.932014e+02 
2010 06 05 17  3.929059e+02 
2010 06 12 17  3.925256e+02 
2010 06 19 17  3.920872e+02 
2010 06 26 17  3.916146e+02 
2010 07 03 17  3.911247e+02 
2010 07 10 17  3.906255e+02 
2010 07 17 17  3.901178e+02 
2010 07 24 17  3.895986e+02 
2010 07 31 17  3.890669e+02 
2010 08 07 17  3.885280e+02 
2010 08 14 17  3.879966e+02 
2010 08 21 17  3.874967e+02 
2010 08 28 17  3.870583e+02 
2010 09 04 17  3.867126e+02 
2010 09 11 17  3.864851e+02 
2010 09 18 17  3.863909e+02 
2010 09 25 17  3.864311e+02 
2010 10 02 17  3.865927e+02 
2010 10 09 17  3.868508e+02 
2010 10 16 17  3.871741e+02 
2010 10 23 17  3.875302e+02 
2010 10 30 17  3.878918e+02 
2010 11 06 17  3.882410e+02 
2010 11 13 17  3.885711e+02 
2010 11 20 17  3.888858e+02 
2010 11 27 17  3.891963e+02 
2010 12 04 17  3.895157e+02 
2010 12 11 17  3.898541e+02 
2010 12 18 17  3.902135e+02 
2010 12 25 17  3.905860e+02 
2011 01 01 17  3.909546e+02 
2011 01 08 17  3.912968e+02 
2011 01 15 17  3.915908e+02 
2011 01 22 17  3.918210e+02 
2011 01 29 17  3.919831e+02 
2011 02 05 17  3.920855e+02 
2011 02 12 17  3.921480e+02 
2011 02 19 17  3.921964e+02 
2011 02 26 17  3.922577e+02 
2011 03 05 17  3.923532e+02 
2011 03 12 17  3.924953e+02 
2011 03 19 17  3.926861e+02 
2011 03 26 17  3.929179e+02 
2011 04 02 17  3.931764e+02 
2011 04 09 17  3.934435e+02 
2011 04 16 17  3.937002e+02 
2011 04 23 17  3.939288e+02 
2011 04 30 17  3.941136e+02 
2011 05 07 17  3.942426e+02 
2011 05 14 17  3.943081e+02 
2011 05 21 17  3.943074e+02 
2011 05 28 17  3.942427e+02 
2011 06 04 17  3.941207e+02 
2011 06 11 17  3.939493e+02 
2011 06 18 17  3.937350e+02 
2011 06 25 17  3.934800e+02 
2011 07 02 17  3.931802e+02 
2011 07 09 17  3.928271e+02 
2011 07 16 17  3.924113e+02 
2011 07 23 17  3.919284e+02 
2011 07 30 17  3.913846e+02 
2011 08 06 17  3.908003e+02 
2011 08 13 17  3.902097e+02 
2011 08 20 17  3.896560e+02 
2011 08 27 17  3.891834e+02 
2011 09 03 17  3.888278e+02 
2011 09 10 17  3.886095e+02 
2011 09 17 17  3.885296e+02 
2011 09 24 17  3.885716e+02 
2011 10 01 17  3.887070e+02 
2011 10 08 17  3.889040e+02 
2011 10 15 17  3.891359e+02 
2011 10 22 17  3.893865e+02 
2011 10 29 17  3.896519e+02 
2011 11 05 17  3.899375e+02 
2011 11 12 17  3.902527e+02 
2011 11 19 17  3.906039e+02 
2011 11 26 17  3.909893e+02 
2011 12 03 17  3.913967e+02 
2011 12 10 17  3.918042e+02 
2011 12 17 17  3.921850e+02 
2011 12 24 17  3.925126e+02 
2011 12 31 17  3.927673e+02 
2012 01 07 18  3.929405e+02 
2012 01 14 18  3.930369e+02 
2012 01 21 19  3.930738e+02 
2012 01 28 19  3.930788e+02 
2012 02 04 20  3.930855e+02 
2012 02 11 20  3.931284e+02 
2012 02 18 21  3.932385e+02 
2012 02 25 21  3.934387e+02 
2012 03 03 22  3.937401e+02 
2012 03 10 22  3.941400e+02 
2012 03 17 22  3.946209e+02 
2012 03 24 23  3.951520e+02 
2012 03 31 23  3.956925e+02 
2012 04 08  0  3.961977e+02 
2012 04 15  0  3.966253e+02 
2012 04 22  1  3.969425e+02 
2012 04 29  1  3.971308e+02 
2012 05 06  2  3.971883e+02 
2012 05 13  2  3.971280e+02 
2012 05 20  3  3.969729e+02 
2012 05 27  3  3.967495e+02 
2012 06 03  4  3.964812e+02 
2012 06 10  4  3.961828e+02 
2012 06 17  4  3.958600e+02 
2012 06 24  5  3.955102e+02 
2012 07 01  5  3.951279e+02 
2012 07 08  6  3.947089e+02 
2012 07 15  6  3.942551e+02 
2012 07 22  7  3.937755e+02 
2012 07 29  7  3.932857e+02 
2012 08 05  8  3.928041e+02 
2012 08 12  8  3.923479e+02 
2012 08 19  9  3.919304e+02 
2012 08 26  9  3.915600e+02 
2012 09 02 10  3.912415e+02 
2012 09 09 10  3.909795e+02 
2012 09 16 10  3.907810e+02 
2012 09 23 11  3.906576e+02 
2012 09 30 11  3.906241e+02 
2012 10 07 12  3.906958e+02 
2012 10 14 12  3.908829e+02 
2012 10 21 13  3.911858e+02 
2012 10 28 13  3.915915e+02 
2012 11 04 14  3.920741e+02 
2012 11 11 14  3.925980e+02 
2012 11 18 15  3.931237e+02 
2012 11 25 15  3.936155e+02 
2012 12 02 15  3.940476e+02 
2012 12 09 16  3.944085e+02 
2012 12 16 16  3.947011e+02 
2012 12 23 17  3.949402e+02 
2012 12 30 17  3.951476e+02 
2013 01 06 17  3.953461e+02 
2013 01 13 17  3.955542e+02 
2013 01 20 17  3.957826e+02 
2013 01 27 17  3.960331e+02 
2013 02 03 17  3.963000e+02 
2013 02 10 17  3.965730e+02 
2013 02 17 17  3.968406e+02 
2013 02 24 17  3.970941e+02 
2013 03 03 17  3.973299e+02 
2013 03 10 17  3.975504e+02 
2013 03 17 17  3.977634e+02 
2013 03 24 17  3.979794e+02 
2013 03 31 17  3.982080e+02 
2013 04 07 17  3.984549e+02 
2013 04 14 17  3.987187e+02 
2013 04 21 17  3.989895e+02 
2013 04 28 17  3.992502e+02 
2013 05 05 17  3.994782e+02 
2013 05 12 17  3.996498e+02 
2013 05 19 17  3.997437e+02 
2013 05 26 17  3.997449e+02 
2013 06 02 17  3.996461e+02 
2013 06 09 17  3.994484e+02 
2013 06 16 17  3.991603e+02 
2013 06 23 17  3.987950e+02 
2013 06 30 17  3.983689e+02 
2013 07 07 17  3.978988e+02 
2013 07 14 17  3.974006e+02 
2013 07 21 17  3.968887e+02 
2013 07 28 17  3.963758e+02 
2013 08 04 17  3.958730e+02 
2013 08 11 17  3.953907e+02 
2013 08 18 17  3.949390e+02 
2013 08 25 17  3.945282e+02 
2013 09 01 17  3.941697e+02 
2013 09 08 17  3.938755e+02 
2013 09 15 17  3.936573e+02 
2013 09 22 17  3.935259e+02 
2013 09 29 17  3.934889e+02 
2013 10 06 17  3.935493e+02 
2013 10 13 17  3.937046e+02 
2013 10 20 17  3.939465e+02 
2013 10 27 17  3.942618e+02 
2013 11 03 17  3.946337e+02 
2013 11 10 17  3.950444e+02 
2013 11 17 17  3.954760e+02 
2013 11 24 17  3.959115e+02 
2013 12 01 17  3.963354e+02 
2013 12 08 17  3.967329e+02 
2013 12 15 17  3.970897e+02 
2013 12 22 17  3.973931e+02 
2013 12 29 17  3.976334e+02 
2014 01 05 17  3.978066e+02 
2014 01 12 17  3.979168e+02 
2014 01 19 17  3.979785e+02 
2014 01 26 17  3.980158e+02 
2014 02 02 17  3.980603e+02 
2014 02 09 17  3.981457e+02 
2014 02 16 17  3.983015e+02 
2014 02 23 17  3.985469e+02 
2014 03 02 17  3.988865e+02 
2014 03 09 17  3.993084e+02 
2014 03 16 17  3.997870e+02 
2014 03 23 17  4.002879e+02 
2014 03 30 17  4.007747e+02 
2014 04 06 17  4.012157e+02 
2014 04 13 17  4.015888e+02 
2014 04 20 17  4.018827e+02 
2014 04 27 17  4.020955e+02 
2014 05 04 17  4.022309e+02 
2014 05 11 17  4.022931e+02 
2014 05 18 17  4.022828e+02 
2014 05 25 17  4.021962e+02 
2014 06 01 17  4.020255e+02 
2014 06 08 17  4.017625e+02 
2014 06 15 17  4.014028e+02 
2014 06 22 17  4.009497e+02 
2014 06 29 17  4.004160e+02 
2014 07 06 17  3.998234e+02 
2014 07 13 17  3.991994e+02 
2014 07 20 17  3.985727e+02 
2014 07 27 17  3.979685e+02 
2014 08 03 17  3.974058e+02 
2014 08 10 17  3.968960e+02 
2014 08 17 17  3.964441e+02 
2014 08 24 17  3.960524e+02 
2014 08 31 17  3.957227e+02 
2014 09 07 17  3.954602e+02 
2014 09 14 17  3.952731e+02 
2014 09 21 17  3.951724e+02 
2014 09 28 17  3.951688e+02 
2014 10 05 17  3.952694e+02 
2014 10 12 17  3.954746e+02 
2014 10 19 17  3.957767e+02 
2014 10 26 17  3.961597e+02 
2014 11 02 17  3.966017e+02 
2014 11 09 17  3.970774e+02 
2014 11 16 17  3.975613e+02 
2014 11 23 17  3.980311e+02 
2014 11 30 17  3.984686e+02 
2014 12 07 17  3.988610e+02 
2014 12 14 17  3.992001e+02 
2014 12 21 17  3.994821e+02 
2014 12 28 17  3.997064e+02 
2015 01 04 17  3.998755e+02 
2015 01 11 17  3.999954e+02 
2015 01 18 17  4.000758e+02 
2015 01 25 17  4.001311e+02 
2015 02 01 17  4.001807e+02 
2015 02 08 17  4.002477e+02 
2015 02 15 17  4.003574e+02 
2015 02 22 17  4.005335e+02 
2015 03 01 17  4.007939e+02 
2015 03 08 17  4.011462e+02 
2015 03 15 17  4.015847e+02 
2015 03 22 17  4.020889e+02 
2015 03 29 17  4.026251e+02 
2015 04 05 17  4.031508e+02 
2015 04 12 17  4.036215e+02 
2015 04 19 17  4.039972e+02 
2015 04 26 17  4.042495e+02 
2015 05 03 17  4.043648e+02 
2015 05 10 17  4.043451e+02 
2015 05 17 17  4.042049e+02 
2015 05 24 17  4.039668e+02 
2015 05 31 17  4.036551e+02 
2015 06 07 17  4.032920e+02 
2015 06 14 17  4.028940e+02 
2015 06 21 17  4.024721e+02 
2015 06 28 17  4.020326e+02 
2015 07 05 17  4.015796e+02 
2015 07 12 17  4.011169e+02 
2015 07 19 17  4.006486e+02 
2015 07 26 17  4.001803e+02 
2015 08 02 17  3.997182e+02 
2015 08 09 17  3.992691e+02 
2015 08 16 17  3.988413e+02 
2015 08 23 17  3.984453e+02 
2015 08 30 17  3.980945e+02 
2015 09 06 17  3.978061e+02 
2015 09 13 17  3.975991e+02 
2015 09 20 17  3.974925e+02 
2015 09 27 17  3.975007e+02 
2015 10 04 17  3.976301e+02 
2015 10 11 17  3.978761e+02 
2015 10 18 17  3.982222e+02 
2015 10 25 17  3.986420e+02 
2015 11 01 17  3.991029e+02 
2015 11 08 17  3.995721e+02 
2015 11 15 17  4.000219e+02 
2015 11 22 17  4.004340e+02 
2015 11 29 17  4.008018e+02 
2015 12 06 17  4.011285e+02 
2015 12 13 17  4.014249e+02 
2015 12 20 17  4.017033e+02 
2015 12 27 17  4.019738e+02 
2016 01 03 18  4.022408e+02 
2016 01 10 18  4.025026e+02 
2016 01 17 19  4.027535e+02 
2016 01 24 19  4.029884e+02 
2016 01 31 19  4.032070e+02 
2016 02 07 20  4.034174e+02 
2016 02 14 20  4.036358e+02 
2016 02 21 21  4.038847e+02 
2016 02 28 21  4.041862e+02 
2016 03 06 22  4.045560e+02 
2016 03 13 22  4.049976e+02 
2016 03 20 23  4.054991e+02 
2016 03 27 23  4.060342e+02 
2016 04 04  0  4.065664e+02 
2016 04 11  0  4.070554e+02 
2016 04 18  1  4.074646e+02 
2016 04 25  1  4.077658e+02 
2016 05 02  1  4.079433e+02 
2016 05 09  2  4.079932e+02 
2016 05 16  2  4.079222e+02 
2016 05 23  3  4.077443e+02 
2016 05 30  3  4.074770e+02 
2016 06 06  4  4.071389e+02 
2016 06 13  4  4.067468e+02 
2016 06 20  5  4.063143e+02 
2016 06 27  5  4.058503e+02 
2016 07 04  6  4.053585e+02 
2016 07 11  6  4.048384e+02 
2016 07 18  6  4.042869e+02 
2016 07 25  7  4.037020e+02 
2016 08 01  7  4.030867e+02 
2016 08 08  8  4.024534e+02 
2016 08 15  8  4.018260e+02 
2016 08 22  9  4.012396e+02 
2016 08 29  9  4.007368e+02 
2016 09 05 10  4.003610e+02 
2016 09 12 10  4.001483e+02 
2016 09 19 11  4.001199e+02 
2016 09 26 11  4.002772e+02 
2016 10 03 12  4.005998e+02 
2016 10 10 12  4.010491e+02 
2016 10 17 12  4.015745e+02 
2016 10 24 13  4.021227e+02 
2016 10 31 13  4.026464e+02 
2016 11 07 14  4.031117e+02 
2016 11 14 14  4.035019e+02 
2016 11 21 15  4.038178e+02 
2016 11 28 15  4.040740e+02 
2016 12 05 16  4.042925e+02 
2016 12 12 16  4.044964e+02 
2016 12 19 17  4.047034e+02 
2016 12 26 17  4.049223e+02 
2017 01 02 17  4.051519e+02 
2017 01 09 17  4.053839e+02 
2017 01 16 17  4.056064e+02 
2017 01 23 17  4.058098e+02 
2017 01 30 17  4.059904e+02 
2017 02 06 17  4.061532e+02 
2017 02 13 17  4.063107e+02 
2017 02 20 17  4.064806e+02 
2017 02 27 17  4.066811e+02 
2017 03 06 17  4.069263e+02 
2017 03 13 17  4.072232e+02 
2017 03 20 17  4.075693e+02 
2017 03 27 17  4.079533e+02 
2017 04 03 17  4.083569e+02 
2017 04 10 17  4.087576e+02 
2017 04 17 17  4.091307e+02 
2017 04 24 17  4.094522e+02 
2017 05 01 17  4.097001e+02 
2017 05 08 17  4.098559e+02 
2017 05 15 17  4.099063e+02 
2017 05 22 17  4.098448e+02 
2017 05 29 17  4.096730e+02 
2017 06 05 17  4.094017e+02 
2017 06 12 17  4.090496e+02 
2017 06 19 17  4.086407e+02 
2017 06 26 17  4.082003e+02 
2017 07 03 17  4.077494e+02 
2017 07 10 17  4.073013e+02 
2017 07 17 17  4.068591e+02 
2017 07 24 17  4.064169e+02 
2017 07 31 17  4.059644e+02 
2017 08 07 17  4.054923e+02 
2017 08 14 17  4.049991e+02 
2017 08 21 17  4.044954e+02 
2017 08 28 17  4.040049e+02 
2017 09 04 17  4.035618e+02 
2017 09 11 17  4.032047e+02 
2017 09 18 17  4.029688e+02 
2017 09 25 17  4.028786e+02 
2017 10 02 17  4.029420e+02 
2017 10 09 17  4.031487e+02 
2017 10 16 17  4.034723e+02 
2017 10 23 17  4.038755e+02 
2017 10 30 17  4.043173e+02 
2017 11 06 17  4.047605e+02 
2017 11 13 17  4.051774e+02 
2017 11 20 17  4.055535e+02 
2017 11 27 17  4.058874e+02 
2017 12 04 17  4.061879e+02 
2017 12 11 17  4.064691e+02 
2017 12 18 17  4.067451e+02 
2017 12 25 17  4.070246e+02 
2018 01 01 17  4.073082e+02 
2018 01 08 17  4.075885e+02 
2018 01 15 17  4.078519e+02 
2018 01 22 17  4.080839e+02 
2018 01 29 17  4.082740e+02 
2018 02 05 17  4.084202e+02 
2018 02 12 17  4.085319e+02 
2018 02 19 17  4.086290e+02 
2018 02 26 17  4.087381e+02 
2018 03 05 17  4.088872e+02 
2018 03 12 17  4.090984e+02 
2018 03 19 17  4.093821e+02 
2018 03 26 17  4.097332e+02 
2018 04 02 17  4.101312e+02 
2018 04 09 17  4.105430e+02 
2018 04 16 17  4.109295e+02 
2018 04 23 17  4.112523e+02 
2018 04 30 17  4.114809e+02 
2018 05 07 17  4.115973e+02 
2018 05 14 17  4.115981e+02 
2018 05 21 17  4.114928e+02 
2018 05 28 17  4.113001e+02 
2018 06 04 17  4.110430e+02 
2018 06 11 17  4.107434e+02 
2018 06 18 17  4.104184e+02 
2018 06 25 17  4.100781e+02 
2018 07 02 17  4.097254e+02 
2018 07 09 17  4.093581e+02 
2018 07 16 17  4.089708e+02 
2018 07 23 17  4.085585e+02 
2018 07 30 17  4.081190e+02 
2018 08 06 17  4.076553e+02 
2018 08 13 17  4.071773e+02 
2018 08 20 17  4.067021e+02 
2018 08 27 17  4.062538e+02 
2018 09 03 17  4.058610e+02 
2018 09 10 17  4.055540e+02 
2018 09 17 17  4.053601e+02 
2018 09 24 17  4.052991e+02 
2018 10 01 17  4.053795e+02 
2018 10 08 17  4.055954e+02 
2018 10 15 17  4.059272e+02 
2018 10 22 17  4.063433e+02 
2018 10 29 17  4.068056e+02 
2018 11 05 17  4.072756e+02 
2018 11 12 17  4.077205e+02 
2018 11 19 17  4.081188e+02 
2018 11 26 17  4.084627e+02 
2018 12 03 17  4.087581e+02 
2018 12 10 17  4.090213e+02 
2018 12 17 17  4.092740e+02 
2018 12 24 17  4.095369e+02 
2018 12 31 17  4.098237e+02 
2019 01 07 17  4.101375e+02 
2019 01 14 17  4.104693e+02 
2019 01 21 17  4.107999e+02 
2019 01 28 17  4.111050e+02 
2019 02 04 17  4.113613e+02 
2019 02 11 17  4.115541e+02 
2019 02 18 17  4.116820e+02 
2019 02 25 17  4.117595e+02 
2019 03 04 17  4.118151e+02 
2019 03 11 17  4.118858e+02 
2019 03 18 17  4.120090e+02 
2019 03 25 17  4.122135e+02 
2019 04 01 17  4.125122e+02 
2019 04 08 17  4.128981e+02 
2019 04 15 17  4.133444e+02 
2019 04 22 17  4.138097e+02 
2019 04 29 17  4.142452e+02 
2019 05 06 17  4.146034e+02 
2019 05 13 17  4.148461e+02 
2019 05 20 17  4.149487e+02 
2019 05 27 17  4.149028e+02 
2019 06 03 17  4.147141e+02 
2019 06 10 17  4.143996e+02 
2019 06 17 17  4.139832e+02 
2019 06 24 17  4.134914e+02 
2019 07 01 17  4.129508e+02 
2019 07 08 17  4.123858e+02 
2019 07 15 17  4.118173e+02 
2019 07 22 17  4.112630e+02 
2019 07 29 17  4.107365e+02 
2019 08 05 17  4.102483e+02 
2019 08 12 17  4.098060e+02 
2019 08 19 17  4.094149e+02 
2019 08 26 17  4.090796e+02 
2019 09 02 17  4.088043e+02 
2019 09 09 17  4.085936e+02 
2019 09 16 17  4.084521e+02 
2019 09 23 17  4.083835e+02 
2019 09 30 17  4.083898e+02 
2019 10 07 17  4.084701e+02 
2019 10 14 17  4.086201e+02 
2019 10 21 17  4.088331e+02 
2019 10 28 17  4.091010e+02 
2019 11 04 17  4.094155e+02 
2019 11 11 17  4.097701e+02 
2019 11 18 17  4.101590e+02 
2019 11 25 17  4.105773e+02 
2019 12 02 17  4.110183e+02 
2019 12 09 17  4.114717e+02 
2019 12 16 17  4.119232e+02 
2019 12 23 17  4.123543e+02 
2019 12 30 17  4.127451e+02 
2020 01 06 18  4.130777e+02 
2020 01 13 18  4.133410e+02 
2020 01 21 20  4.135611e+02 
