   1979.000000    334.8434
   1979.020833    335.1197
   1979.041667    335.4405
   1979.062500    335.7767
   1979.083333    336.1024
   1979.104167    336.3961
   1979.125000    336.6401
   1979.145833    336.8306
   1979.166667    336.9711
   1979.187500    337.3244
   1979.208333    337.4859
   1979.229167    337.6219
   1979.250000    337.7217
   1979.270833    337.7789
   1979.291667    337.7966
   1979.312500    337.7881
   1979.333333    337.7744
   1979.354167    337.7682
   1979.375000    337.7951
   1979.395833    337.8436
   1979.416667    337.8956
   1979.437500    337.9239
   1979.458333    337.9031
   1979.479167    337.8171
   1979.500000    337.6684
   1979.520833    337.4732
   1979.541667    337.2572
   1979.562500    337.0489
   1979.583333    336.8660
   1979.604167    336.7055
   1979.625000    336.5616
   1979.645833    336.4161
   1979.666667    337.0395
   1979.687500    336.8356
   1979.708333    336.6176
   1979.729167    336.4033
   1979.750000    336.2233
   1979.770833    336.1083
   1979.791667    336.0872
   1979.812500    336.1773
   1979.833333    336.3787
   1979.854167    336.6747
   1979.875000    337.0290
   1979.895833    337.4010
   1979.916667    337.7523
   1979.937500    337.7464
   1979.958333    338.0151
   1979.979167    338.1164
   1980.000000    338.2572
   1980.020833    338.3488
   1980.041667    338.4615
   1980.062500    338.5528
   1980.083333    338.6318
   1980.104167    338.6906
   1980.125000    338.7310
   1980.145833    338.6260
   1980.166667    338.6603
   1980.187500    338.7441
   1980.208333    338.8628
   1980.229167    339.0159
   1980.250000    339.1946
   1980.270833    339.3859
   1980.291667    339.5767
   1980.312500    339.7563
   1980.333333    340.0749
   1980.354167    340.2589
   1980.375000    340.4235
   1980.395833    340.5840
   1980.416667    340.7123
   1980.437500    340.7986
   1980.458333    340.8294
   1980.479167    340.8111
   1980.500000    340.7571
   1980.520833    340.6709
   1980.541667    340.5693
   1980.562500    340.4667
   1980.583333    340.3663
   1980.604167    340.2593
   1980.625000    340.1297
   1980.645833    339.9589
   1980.666667    339.7358
   1980.687500    339.4673
   1980.708333    339.1433
   1980.729167    338.8421
   1980.750000    338.6225
   1980.770833    338.4625
   1980.791667    338.3856
   1980.812500    338.3875
   1980.833333    338.4482
   1980.854167    338.5424
   1980.875000    338.6456
   1980.895833    338.7441
   1980.916667    338.8362
   1980.937500    338.9279
   1980.958333    339.0309
   1980.979167    339.1546
   1981.000000    339.3047
   1981.020833    339.4703
   1981.041667    339.6461
   1981.062500    339.8217
   1981.083333    339.9932
   1981.104167    340.1616
   1981.125000    340.3298
   1981.145833    340.5027
   1981.166667    340.6811
   1981.187500    340.8562
   1981.208333    341.0150
   1981.229167    341.1404
   1981.250000    341.2154
   1981.270833    341.2317
   1981.291667    341.2031
   1981.312500    341.1180
   1981.333333    341.0096
   1981.354167    340.9009
   1981.375000    340.8150
   1981.395833    340.7662
   1981.416667    340.7614
   1981.437500    340.7984
   1981.458333    340.8681
   1981.479167    340.9573
   1981.500000    341.0489
   1981.520833    341.1260
   1981.541667    341.1712
   1981.562500    341.1674
   1981.583333    341.1029
   1981.604167    340.9076
   1981.625000    340.7220
   1981.645833    340.4933
   1981.666667    340.2479
   1981.687500    340.0228
   1981.708333    339.8503
   1981.729167    339.7553
   1981.750000    339.7477
   1981.770833    339.8172
   1981.791667    339.9381
   1981.812500    340.0732
   1981.833333    340.1875
   1981.854167    340.2549
   1981.875000    340.2651
   1981.895833    340.2265
   1981.916667    340.1606
   1981.937500    340.0981
   1981.958333    340.0679
   1981.979167    340.0913
   1982.000000    340.1760
   1982.020833    340.3193
   1982.041667    340.5033
   1982.062500    340.7006
   1982.083333    340.8841
   1982.104167    341.0305
   1982.125000    341.1247
   1982.145833    341.1671
   1982.166667    341.1713
   1982.187500    341.1888
   1982.208333    341.1927
   1982.229167    341.2385
   1982.250000    341.3408
   1982.270833    341.4984
   1982.291667    341.6945
   1982.312500    341.8960
   1982.333333    342.0680
   1982.354167    342.1786
   1982.375000    342.2075
   1982.395833    342.1534
   1982.416667    342.0316
   1982.437500    341.8728
   1982.458333    341.7084
   1982.479167    341.5652
   1982.500000    341.4567
   1982.520833    341.3759
   1982.541667    341.3003
   1982.562500    341.2000
   1982.583333    341.0482
   1982.604167    340.8322
   1982.625000    340.5640
   1982.645833    340.2729
   1982.666667    340.0005
   1982.687500    339.7917
   1982.708333    339.6739
   1982.729167    339.6544
   1982.750000    339.7175
   1982.770833    339.8312
   1982.791667    339.9596
   1982.812500    340.0709
   1982.833333    340.1505
   1982.854167    340.1995
   1982.875000    340.2315
   1982.895833    340.2674
   1982.916667    340.3266
   1982.937500    340.4221
   1982.958333    340.5591
   1982.979167    340.7360
   1983.000000    340.9425
   1983.020833    341.1686
   1983.041667    341.4008
   1983.062500    341.6232
   1983.083333    341.8236
   1983.104167    341.9940
   1983.125000    342.1290
   1983.145833    342.2326
   1983.166667    342.3140
   1983.187500    342.3859
   1983.208333    342.4631
   1983.229167    342.5585
   1983.250000    342.6803
   1983.270833    342.8331
   1983.291667    343.0182
   1983.312500    343.2307
   1983.333333    343.4653
   1983.354167    343.7133
   1983.375000    343.9582
   1983.395833    344.1833
   1983.416667    344.3698
   1983.437500    344.4976
   1983.458333    344.5550
   1983.479167    344.5374
   1983.500000    344.4492
   1983.520833    344.3015
   1983.541667    344.1071
   1983.562500    343.8804
   1983.583333    343.6300
   1983.604167    343.3622
   1983.625000    343.0878
   1983.645833    342.8175
   1983.666667    342.5674
   1983.687500    342.3608
   1983.708333    342.2157
   1983.729167    342.1436
   1983.750000    342.1444
   1983.770833    342.2042
   1983.791667    342.3003
   1983.812500    342.4062
   1983.833333    342.5021
   1983.854167    342.5794
   1983.875000    342.6411
   1983.895833    342.7002
   1983.916667    342.7725
   1983.937500    342.8683
   1983.958333    342.9888
   1983.979167    343.1248
   1984.000000    343.2567
   1984.020833    343.3651
   1984.041667    343.4338
   1984.062500    343.4555
   1984.083333    343.4361
   1984.104167    343.3906
   1984.125000    343.3425
   1984.145833    343.3145
   1984.166667    343.3261
   1984.187500    343.3875
   1984.208333    344.5892
   1984.229167    344.8212
   1984.250000    345.0737
   1984.270833    345.3156
   1984.291667    345.5180
   1984.312500    345.6556
   1984.333333    345.7184
   1984.354167    345.7091
   1984.375000    345.6438
   1984.395833    345.5467
   1984.416667    345.4432
   1984.437500    345.3568
   1984.458333    345.3007
   1984.479167    345.2785
   1984.500000    345.2834
   1984.520833    345.2994
   1984.541667    345.3053
   1984.562500    345.2785
   1984.583333    345.1996
   1984.604167    345.0558
   1984.625000    344.8480
   1984.645833    344.5884
   1984.666667    344.3006
   1984.687500    344.0208
   1984.708333    343.7826
   1984.729167    343.6148
   1984.750000    343.5360
   1984.770833    343.5466
   1984.791667    343.6289
   1984.812500    343.7672
   1984.833333    343.9295
   1984.854167    344.0927
   1984.875000    344.2396
   1984.895833    344.3649
   1984.916667    344.4699
   1984.937500    344.5580
   1984.958333    344.6338
   1984.979167    344.6991
   1985.000000    344.7387
   1985.020833    344.7852
   1985.041667    344.8319
   1985.062500    344.8904
   1985.083333    344.9757
   1985.104167    345.1020
   1985.125000    345.2741
   1985.145833    345.4870
   1985.166667    345.7230
   1985.187500    345.9516
   1985.208333    346.1437
   1985.229167    346.2765
   1985.250000    346.3383
   1985.270833    346.3408
   1985.291667    346.3063
   1985.312500    346.2672
   1985.333333    346.2535
   1985.354167    346.2784
   1985.375000    346.3551
   1985.395833    346.4798
   1985.416667    346.6104
   1985.437500    346.7281
   1985.458333    346.8014
   1985.479167    346.8354
   1985.500000    346.8167
   1985.520833    346.7498
   1985.541667    346.6414
   1985.562500    346.5011
   1985.583333    346.3355
   1985.604167    346.1503
   1985.625000    345.9537
   1985.645833    345.7307
   1985.666667    345.5461
   1985.687500    345.3702
   1985.708333    345.2225
   1985.729167    345.1096
   1985.750000    345.0373
   1985.770833    345.0171
   1985.791667    345.0298
   1985.812500    345.0825
   1985.833333    345.1727
   1985.854167    345.2978
   1985.875000    345.4515
   1985.895833    345.6279
   1985.916667    345.8195
   1985.937500    346.0150
   1985.958333    346.2052
   1985.979167    346.3806
   1986.000000    346.5295
   1986.020833    346.6429
   1986.041667    346.7158
   1986.062500    346.7458
   1986.083333    346.7389
   1986.104167    346.7085
   1986.125000    346.6758
   1986.145833    346.6662
   1986.166667    346.7017
   1986.187500    346.7970
   1986.208333    346.9529
   1986.229167    347.1324
   1986.250000    347.3561
   1986.270833    347.5662
   1986.291667    347.7338
   1986.312500    347.8393
   1986.333333    347.8812
   1986.354167    347.8729
   1986.375000    347.8374
   1986.395833    347.7999
   1986.416667    347.7810
   1986.437500    347.7777
   1986.458333    347.7856
   1986.479167    347.7859
   1986.500000    347.7560
   1986.520833    347.6777
   1986.541667    347.5421
   1986.562500    347.3552
   1986.583333    347.1319
   1986.604167    346.8936
   1986.625000    346.6652
   1986.645833    346.4633
   1986.666667    346.3093
   1986.687500    346.1881
   1986.708333    346.1074
   1986.729167    346.0644
   1986.750000    346.0566
   1986.770833    346.0807
   1986.791667    346.1316
   1986.812500    346.1999
   1986.833333    346.2724
   1986.854167    346.3329
   1986.875000    346.3722
   1986.895833    346.3841
   1986.916667    346.3747
   1986.937500    346.3611
   1986.958333    346.3697
   1986.979167    346.4216
   1987.000000    346.5622
   1987.020833    346.7304
   1987.041667    346.9504
   1987.062500    347.1980
   1987.083333    347.3466
   1987.104167    347.5812
   1987.125000    347.8000
   1987.145833    347.9945
   1987.166667    348.1717
   1987.187500    348.3438
   1987.208333    348.7094
   1987.229167    348.9022
   1987.250000    349.0885
   1987.270833    349.2783
   1987.291667    349.4704
   1987.312500    349.6633
   1987.333333    349.7083
   1987.354167    349.8811
   1987.375000    350.0189
   1987.395833    350.1087
   1987.416667    350.1343
   1987.437500    350.1010
   1987.458333    350.0192
   1987.479167    349.8868
   1987.500000    349.7350
   1987.520833    349.5822
   1987.541667    349.4391
   1987.562500    349.3202
   1987.583333    349.2142
   1987.604167    349.1469
   1987.625000    349.0864
   1987.645833    348.9781
   1987.666667    348.8990
   1987.687500    348.8052
   1987.708333    348.7059
   1987.729167    348.6023
   1987.750000    348.5041
   1987.770833    348.4662
   1987.791667    348.4146
   1987.812500    348.4111
   1987.833333    348.4676
   1987.854167    348.5869
   1987.875000    348.7608
   1987.895833    348.9731
   1987.916667    349.2045
   1987.937500    349.5712
   1987.958333    349.7602
   1987.979167    349.9232
   1988.000000    350.0987
   1988.020833    350.2482
   1988.041667    350.3989
   1988.062500    350.6781
   1988.083333    350.8553
   1988.104167    351.1588
   1988.125000    351.3447
   1988.145833    351.5174
   1988.166667    351.6718
   1988.187500    351.8023
   1988.208333    351.9131
   1988.229167    352.0043
   1988.250000    352.0809
   1988.270833    352.1508
   1988.291667    352.2170
   1988.312500    352.2801
   1988.333333    352.3323
   1988.354167    352.3847
   1988.375000    352.4115
   1988.395833    352.4401
   1988.416667    352.4467
   1988.437500    352.4285
   1988.458333    352.3834
   1988.479167    352.3104
   1988.500000    352.2107
   1988.520833    352.0870
   1988.541667    351.9440
   1988.562500    351.7899
   1988.583333    351.6388
   1988.604167    351.4926
   1988.625000    351.3568
   1988.645833    351.2668
   1988.666667    350.8910
   1988.687500    350.8247
   1988.708333    350.7971
   1988.729167    350.7826
   1988.750000    350.7773
   1988.770833    350.7808
   1988.791667    350.7961
   1988.812500    350.8301
   1988.833333    350.8911
   1988.854167    350.9882
   1988.875000    351.1208
   1988.895833    351.2894
   1988.916667    351.4945
   1988.937500    351.7233
   1988.958333    351.9670
   1988.979167    352.2138
   1989.000000    352.4225
   1989.020833    352.6299
   1989.041667    352.8198
   1989.062500    353.5999
   1989.083333    353.7545
   1989.104167    353.8966
   1989.125000    353.9921
   1989.145833    354.0941
   1989.166667    354.1811
   1989.187500    354.2552
   1989.208333    354.3161
   1989.229167    354.3643
   1989.250000    354.3876
   1989.270833    354.4097
   1989.291667    354.4146
   1989.312500    354.4160
   1989.333333    354.3830
   1989.354167    354.3344
   1989.375000    354.2735
   1989.395833    354.2028
   1989.416667    354.1283
   1989.437500    354.0514
   1989.458333    353.9727
   1989.479167    353.8901
   1989.500000    353.8012
   1989.520833    353.7014
   1989.541667    353.5848
   1989.562500    353.4535
   1989.583333    353.3063
   1989.604167    353.1465
   1989.625000    352.9825
   1989.645833    352.8386
   1989.666667    352.6993
   1989.687500    352.5795
   1989.708333    352.4848
   1989.729167    352.4194
   1989.750000    352.3865
   1989.770833    352.2166
   1989.791667    352.2548
   1989.812500    352.3251
   1989.833333    352.4829
   1989.854167    352.6021
   1989.875000    352.7347
   1989.895833    352.8788
   1989.916667    353.0344
   1989.937500    353.2004
   1989.958333    353.3717
   1989.979167    353.5696
   1990.000000    353.6483
   1990.020833    353.8562
   1990.041667    354.0694
   1990.062500    354.2755
   1990.083333    354.4660
   1990.104167    354.5240
   1990.125000    354.6503
   1990.145833    354.7458
   1990.166667    354.8116
   1990.187500    354.8540
   1990.208333    354.8825
   1990.229167    354.9069
   1990.250000    354.9349
   1990.270833    354.9722
   1990.291667    355.1183
   1990.312500    355.1642
   1990.333333    355.2143
   1990.354167    355.2633
   1990.375000    355.3025
   1990.395833    355.3244
   1990.416667    355.3224
   1990.437500    355.2933
   1990.458333    355.2360
   1990.479167    355.1516
   1990.500000    355.0448
   1990.520833    354.9201
   1990.541667    354.7818
   1990.562500    354.6364
   1990.583333    354.4879
   1990.604167    354.3405
   1990.625000    354.2002
   1990.645833    354.0743
   1990.666667    353.9596
   1990.687500    353.8643
   1990.708333    353.7904
   1990.729167    353.7393
   1990.750000    353.7102
   1990.770833    353.7053
   1990.791667    353.7220
   1990.812500    353.8560
   1990.833333    353.9272
   1990.854167    354.0197
   1990.875000    354.1237
   1990.895833    354.2418
   1990.916667    354.3735
   1990.937500    354.5157
   1990.958333    354.6674
   1990.979167    354.8269
   1991.000000    355.0659
   1991.020833    355.2307
   1991.041667    355.3317
   1991.062500    355.4809
   1991.083333    355.6193
   1991.104167    355.7493
   1991.125000    355.8713
   1991.145833    355.9868
   1991.166667    356.0961
   1991.187500    356.1959
   1991.208333    356.2842
   1991.229167    356.3624
   1991.250000    356.4218
   1991.270833    356.4679
   1991.291667    356.5048
   1991.312500    356.5370
   1991.333333    356.5689
   1991.354167    356.6022
   1991.375000    356.6346
   1991.395833    356.6600
   1991.416667    356.6699
   1991.437500    356.6548
   1991.458333    356.6065
   1991.479167    356.5215
   1991.500000    356.3999
   1991.520833    356.2436
   1991.541667    356.0585
   1991.562500    355.8536
   1991.583333    355.6360
   1991.604167    355.4113
   1991.625000    355.1893
   1991.645833    354.9764
   1991.666667    354.7805
   1991.687500    354.6142
   1991.708333    354.4833
   1991.729167    354.3936
   1991.750000    354.3558
   1991.770833    354.3663
   1991.791667    354.4205
   1991.812500    354.5082
   1991.833333    354.6205
   1991.854167    354.7471
   1991.875000    354.8787
   1991.895833    355.0115
   1991.916667    355.1484
   1991.937500    355.2834
   1991.958333    355.4233
   1991.979167    355.5713
   1992.000000    355.7153
   1992.020833    355.8755
   1992.041667    356.0395
   1992.062500    356.2000
   1992.083333    356.3494
   1992.104167    356.4834
   1992.125000    356.5982
   1992.145833    356.6958
   1992.166667    356.7821
   1992.187500    356.8650
   1992.208333    356.9543
   1992.229167    357.0583
   1992.250000    357.1789
   1992.270833    357.3136
   1992.291667    357.4538
   1992.312500    357.5841
   1992.333333    357.6902
   1992.354167    357.7595
   1992.375000    357.7837
   1992.395833    357.7625
   1992.416667    357.7006
   1992.437500    357.6078
   1992.458333    357.4930
   1992.479167    357.3629
   1992.500000    357.2219
   1992.520833    357.0692
   1992.541667    356.9019
   1992.562500    356.7205
   1992.583333    356.5253
   1992.604167    356.3210
   1992.625000    356.1180
   1992.645833    355.9253
   1992.666667    355.7517
   1992.687500    355.6055
   1992.708333    355.4892
   1992.729167    355.4024
   1992.750000    355.3441
   1992.770833    355.3243
   1992.791667    355.3153
   1992.812500    355.3292
   1992.833333    355.3665
   1992.854167    355.4283
   1992.875000    355.5104
   1992.895833    355.6190
   1992.916667    355.7485
   1992.937500    355.8931
   1992.958333    356.0484
   1992.979167    356.2099
   1993.000000    356.3968
   1993.020833    356.5506
   1993.041667    356.6931
   1993.062500    356.8262
   1993.083333    356.9379
   1993.104167    357.0367
   1993.125000    357.1262
   1993.145833    357.2148
   1993.166667    357.3112
   1993.187500    357.4226
   1993.208333    357.5543
   1993.229167    357.7065
   1993.250000    357.8712
   1993.270833    358.0376
   1993.291667    358.1921
   1993.312500    358.3194
   1993.333333    358.4099
   1993.354167    358.4594
   1993.375000    358.4682
   1993.395833    358.4418
   1993.416667    358.3864
   1993.437500    358.3074
   1993.458333    358.2070
   1993.479167    358.0843
   1993.500000    357.9394
   1993.520833    357.7326
   1993.541667    357.5623
   1993.562500    357.3819
   1993.583333    357.2000
   1993.604167    357.0220
   1993.625000    356.8701
   1993.645833    356.5451
   1993.666667    356.5067
   1993.687500    356.4855
   1993.708333    356.4683
   1993.729167    356.4460
   1993.750000    356.4172
   1993.770833    356.3885
   1993.791667    356.3714
   1993.812500    356.4601
   1993.833333    356.4397
   1993.854167    356.5236
   1993.875000    356.6404
   1993.895833    356.8171
   1993.916667    356.9880
   1993.937500    357.1747
   1993.958333    357.4088
   1993.979167    357.6244
   1994.000000    357.7522
   1994.020833    357.9637
   1994.041667    357.9882
   1994.062500    358.1666
   1994.083333    358.5042
   1994.104167    358.5849
   1994.125000    358.6109
   1994.145833    358.5927
   1994.166667    358.5516
   1994.187500    358.3463
   1994.208333    358.3257
   1994.229167    358.3569
   1994.250000    358.4419
   1994.270833    358.5716
   1994.291667    358.7286
   1994.312500    358.8862
   1994.333333    359.0201
   1994.354167    359.1144
   1994.375000    359.1603
   1994.395833    359.1601
   1994.416667    359.1202
   1994.437500    359.0517
   1994.458333    358.9637
   1994.479167    358.8625
   1994.500000    358.7518
   1994.520833    358.6312
   1994.541667    358.8201
   1994.562500    358.6711
   1994.583333    358.5096
   1994.604167    358.3398
   1994.625000    358.0625
   1994.645833    358.2686
   1994.666667    358.0803
   1994.687500    357.8971
   1994.708333    357.7312
   1994.729167    357.6067
   1994.750000    357.5396
   1994.770833    357.5604
   1994.791667    357.6204
   1994.812500    357.7265
   1994.833333    357.8725
   1994.854167    358.0215
   1994.875000    358.1888
   1994.895833    358.3641
   1994.916667    358.5457
   1994.937500    358.7294
   1994.958333    358.9168
   1994.979167    358.9911
   1995.000000    359.2475
   1995.020833    359.4369
   1995.041667    359.5311
   1995.062500    359.9651
   1995.083333    360.1602
   1995.104167    360.3405
   1995.125000    360.4995
   1995.145833    360.6344
   1995.166667    360.7440
   1995.187500    360.8291
   1995.208333    360.9335
   1995.229167    361.0092
   1995.250000    361.0688
   1995.270833    361.3146
   1995.291667    361.4074
   1995.312500    361.4709
   1995.333333    361.5253
   1995.354167    361.5653
   1995.375000    361.5879
   1995.395833    361.5684
   1995.416667    361.5449
   1995.437500    361.5023
   1995.458333    361.4400
   1995.479167    361.3288
   1995.500000    361.2452
   1995.520833    361.1043
   1995.541667    360.9768
   1995.562500    360.8330
   1995.583333    360.6733
   1995.604167    360.5074
   1995.625000    360.3478
   1995.645833    360.1942
   1995.666667    360.0611
   1995.687500    359.9281
   1995.708333    359.8559
   1995.729167    359.8189
   1995.750000    359.8172
   1995.770833    359.8492
   1995.791667    359.9148
   1995.812500    360.0084
   1995.833333    360.1295
   1995.854167    360.2761
   1995.875000    360.4426
   1995.895833    360.6247
   1995.916667    360.8529
   1995.937500    361.0614
   1995.958333    361.2664
   1995.979167    361.4665
   1996.000000    361.4594
   1996.020833    361.6314
   1996.041667    361.7950
   1996.062500    361.9488
   1996.083333    362.0866
   1996.104167    362.1350
   1996.125000    362.2266
   1996.145833    362.2905
   1996.166667    362.3267
   1996.187500    362.3486
   1996.208333    362.3438
   1996.229167    362.4322
   1996.250000    362.4341
   1996.270833    362.5623
   1996.291667    362.6154
   1996.312500    362.6886
   1996.333333    362.7735
   1996.354167    362.8978
   1996.375000    362.9810
   1996.395833    362.9264
   1996.416667    362.9834
   1996.437500    363.0080
   1996.458333    362.9951
   1996.479167    362.9419
   1996.500000    362.8526
   1996.520833    362.6031
   1996.541667    362.4434
   1996.562500    362.2845
   1996.583333    362.1320
   1996.604167    361.9890
   1996.625000    361.8579
   1996.645833    361.7372
   1996.666667    361.6259
   1996.687500    361.5257
   1996.708333    361.4378
   1996.729167    361.3662
   1996.750000    361.3177
   1996.770833    361.2854
   1996.791667    361.1037
   1996.812500    361.1577
   1996.833333    361.2509
   1996.854167    361.3774
   1996.875000    361.5261
   1996.895833    361.6926
   1996.916667    361.8628
   1996.937500    362.0289
   1996.958333    362.1946
   1996.979167    362.3574
   1997.000000    362.5473
   1997.020833    362.6998
   1997.041667    362.8507
   1997.062500    362.9936
   1997.083333    363.1862
   1997.104167    363.3203
   1997.125000    363.4495
   1997.145833    363.5738
   1997.166667    363.6632
   1997.187500    363.7769
   1997.208333    363.8865
   1997.229167    363.9841
   1997.250000    364.0208
   1997.270833    364.0966
   1997.291667    364.1559
   1997.312500    364.1985
   1997.333333    364.2278
   1997.354167    364.2469
   1997.375000    364.2574
   1997.395833    364.2569
   1997.416667    364.2508
   1997.437500    364.2134
   1997.458333    364.1804
   1997.479167    364.0757
   1997.500000    363.9432
   1997.520833    363.7762
   1997.541667    363.5847
   1997.562500    363.3755
   1997.583333    363.1557
   1997.604167    362.9336
   1997.625000    362.7208
   1997.645833    362.5266
   1997.666667    362.3592
   1997.687500    362.2300
   1997.708333    362.1451
   1997.729167    362.1076
   1997.750000    362.1181
   1997.770833    362.1768
   1997.791667    362.2707
   1997.812500    362.3958
   1997.833333    362.6108
   1997.854167    362.9475
   1997.875000    363.1044
   1997.895833    363.2475
   1997.916667    363.3869
   1997.937500    363.5310
   1997.958333    363.6875
   1997.979167    363.8604
   1998.000000    364.0436
   1998.020833    364.2379
   1998.041667    364.4463
   1998.062500    364.6605
   1998.083333    364.8743
   1998.104167    365.0801
   1998.125000    365.2662
   1998.145833    365.4258
   1998.166667    365.5558
   1998.187500    365.6566
   1998.208333    365.7364
   1998.229167    365.8088
   1998.250000    365.8883
   1998.270833    366.0843
   1998.291667    366.5935
   1998.312500    366.7071
   1998.333333    366.8140
   1998.354167    366.9189
   1998.375000    366.9537
   1998.395833    367.1012
   1998.416667    367.2482
   1998.437500    367.2915
   1998.458333    367.2506
   1998.479167    367.1297
   1998.500000    366.9476
   1998.520833    366.7308
   1998.541667    366.6161
   1998.562500    366.5015
   1998.583333    366.3567
   1998.604167    366.2471
   1998.625000    366.1772
   1998.645833    366.0966
   1998.666667    366.0237
   1998.687500    365.8369
   1998.708333    365.7647
   1998.729167    365.7044
   1998.750000    365.6650
   1998.770833    365.6548
   1998.791667    365.6830
   1998.812500    365.7529
   1998.833333    365.8640
   1998.854167    365.9877
   1998.875000    366.1615
   1998.895833    366.3493
   1998.916667    366.5442
   1998.937500    366.7409
   1998.958333    366.9386
   1998.979167    367.1377
   1999.000000    367.3047
   1999.020833    367.4825
   1999.041667    367.6600
   1999.062500    367.8338
   1999.083333    368.0028
   1999.104167    368.1662
   1999.125000    368.3223
   1999.145833    368.4723
   1999.166667    368.6170
   1999.187500    368.7531
   1999.208333    368.8768
   1999.229167    368.9814
   1999.250000    369.0573
   1999.270833    369.0978
   1999.291667    369.0990
   1999.312500    369.0628
   1999.333333    368.9973
   1999.354167    368.9139
   1999.375000    368.8274
   1999.395833    368.7477
   1999.416667    368.6794
   1999.437500    368.6216
   1999.458333    368.5665
   1999.479167    368.5026
   1999.500000    368.4198
   1999.520833    368.3105
   1999.541667    368.1716
   1999.562500    368.0134
   1999.583333    367.8331
   1999.604167    367.6453
   1999.625000    367.4636
   1999.645833    367.2984
   1999.666667    367.1586
   1999.687500    367.0525
   1999.708333    366.9841
   1999.729167    366.9553
   1999.750000    366.9663
   1999.770833    367.0151
   1999.791667    367.0988
   1999.812500    367.2132
   1999.833333    367.3546
   1999.854167    367.5201
   1999.875000    367.7040
   1999.895833    367.9066
   1999.916667    368.1153
   1999.937500    368.3253
   1999.958333    368.5259
   1999.979167    368.6722
   2000.000000    368.5655
   2000.020833    368.6998
   2000.041667    368.8310
   2000.062500    368.9625
   2000.083333    369.0969
   2000.104167    369.2336
   2000.125000    369.3669
   2000.145833    369.4074
   2000.166667    369.5084
   2000.187500    369.6234
   2000.208333    369.7417
   2000.229167    369.8726
   2000.250000    370.0226
   2000.270833    370.1890
   2000.291667    370.3616
   2000.312500    370.5167
   2000.333333    370.6252
   2000.354167    370.6620
   2000.375000    370.5411
   2000.395833    370.3943
   2000.416667    370.2728
   2000.437500    370.0786
   2000.458333    369.8918
   2000.479167    369.7392
   2000.500000    369.6152
   2000.520833    369.5181
   2000.541667    369.4305
   2000.562500    369.2278
   2000.583333    369.1147
   2000.604167    368.9641
   2000.625000    368.7869
   2000.645833    368.6039
   2000.666667    368.4416
   2000.687500    368.3221
   2000.708333    368.2568
   2000.729167    368.2465
   2000.750000    368.2838
   2000.770833    368.3557
   2000.791667    368.4503
   2000.812500    368.5670
   2000.833333    368.6893
   2000.854167    368.8188
   2000.875000    368.9592
   2000.895833    369.1098
   2000.916667    369.2670
   2000.937500    369.4218
   2000.958333    369.5673
   2000.979167    369.6988
   2001.000000    369.8136
   2001.020833    369.9209
   2001.041667    370.0292
   2001.062500    370.1480
   2001.083333    370.2858
   2001.104167    370.4455
   2001.125000    370.6203
   2001.145833    370.6924
   2001.166667    370.8305
   2001.187500    370.9340
   2001.208333    371.0021
   2001.229167    371.0411
   2001.250000    371.0633
   2001.270833    371.0841
   2001.291667    371.1179
   2001.312500    371.1691
   2001.333333    371.2412
   2001.354167    371.3273
   2001.375000    371.7654
   2001.395833    371.7855
   2001.416667    371.7893
   2001.437500    371.7672
   2001.458333    371.7133
   2001.479167    371.6259
   2001.500000    371.5092
   2001.520833    371.3693
   2001.541667    371.2057
   2001.562500    371.0287
   2001.583333    370.8522
   2001.604167    370.6807
   2001.625000    370.5194
   2001.645833    370.3702
   2001.666667    370.2351
   2001.687500    370.1186
   2001.708333    370.0335
   2001.729167    370.0131
   2001.750000    370.0205
   2001.770833    370.0554
   2001.791667    370.1177
   2001.812500    370.2067
   2001.833333    370.3296
   2001.854167    370.4725
   2001.875000    370.6261
   2001.895833    370.7812
   2001.916667    370.9301
   2001.937500    371.0664
   2001.958333    371.1915
   2001.979167    371.5217
   2002.000000    371.6123
   2002.020833    371.6999
   2002.041667    371.7912
   2002.062500    371.8894
   2002.083333    371.9994
   2002.104167    372.1220
   2002.125000    372.2551
   2002.145833    372.3973
   2002.166667    372.5469
   2002.187500    372.6779
   2002.208333    373.2424
   2002.229167    373.3442
   2002.250000    373.4304
   2002.270833    373.5006
   2002.291667    373.3598
   2002.312500    373.4507
   2002.333333    373.5076
   2002.354167    373.5326
   2002.375000    373.5269
   2002.395833    373.4956
   2002.416667    373.4447
   2002.437500    373.3827
   2002.458333    373.3180
   2002.479167    373.2571
   2002.500000    373.2039
   2002.520833    373.2380
   2002.541667    373.1487
   2002.562500    373.0558
   2002.583333    372.9587
   2002.604167    372.8565
   2002.625000    372.7477
   2002.645833    372.6381
   2002.666667    372.5331
   2002.687500    372.4418
   2002.708333    372.3713
   2002.729167    372.3345
   2002.750000    372.3339
   2002.770833    372.3750
   2002.791667    372.4550
   2002.812500    372.5681
   2002.833333    372.7074
   2002.854167    372.8666
   2002.875000    373.0377
   2002.895833    373.2169
   2002.916667    373.4021
   2002.937500    373.5884
   2002.958333    373.7772
   2002.979167    373.9666
   2003.000000    374.1499
   2003.020833    374.3197
   2003.041667    374.4771
   2003.062500    374.6191
   2003.083333    374.7468
   2003.104167    374.8626
   2003.125000    374.9686
   2003.145833    375.0691
   2003.166667    375.1678
   2003.187500    375.2656
   2003.208333    375.3632
   2003.229167    375.4600
   2003.250000    375.5530
   2003.270833    375.6412
   2003.291667    375.7235
   2003.312500    375.7990
   2003.333333    375.8679
   2003.354167    375.9306
   2003.375000    375.9853
   2003.395833    376.0299
   2003.416667    376.0605
   2003.437500    376.0726
   2003.458333    376.0624
   2003.479167    376.0266
   2003.500000    375.9655
   2003.520833    375.8801
   2003.541667    375.7714
   2003.562500    375.6500
   2003.583333    375.5188
   2003.604167    375.3819
   2003.625000    375.2456
   2003.645833    375.1137
   2003.666667    374.9904
   2003.687500    374.8824
   2003.708333    374.7946
   2003.729167    374.7321
   2003.750000    374.7014
   2003.770833    374.7050
   2003.791667    374.7447
   2003.812500    374.8190
   2003.833333    374.9250
   2003.854167    375.0589
   2003.875000    375.2141
   2003.895833    375.3853
   2003.916667    375.5680
   2003.937500    375.7551
   2003.958333    375.9431
   2003.979167    376.1293
   2004.000000    376.3299
   2004.020833    376.5088
   2004.041667    376.6805
   2004.062500    376.8418
   2004.083333    377.0008
   2004.104167    377.1596
   2004.125000    377.3164
   2004.145833    377.4693
   2004.166667    377.6148
   2004.187500    377.7463
   2004.208333    377.8594
   2004.229167    377.9516
   2004.250000    378.0200
   2004.270833    378.0648
   2004.291667    378.0892
   2004.312500    378.0946
   2004.333333    378.0843
   2004.354167    378.0618
   2004.375000    378.0299
   2004.395833    377.9934
   2004.416667    377.9490
   2004.437500    377.8982
   2004.458333    377.8399
   2004.479167    377.7706
   2004.500000    377.6870
   2004.520833    377.5839
   2004.541667    377.4574
   2004.562500    377.3082
   2004.583333    377.1396
   2004.604167    376.9585
   2004.625000    376.7772
   2004.645833    376.6065
   2004.666667    376.4561
   2004.687500    376.3358
   2004.708333    376.2501
   2004.729167    376.2015
   2004.750000    376.2135
   2004.770833    376.2410
   2004.791667    376.3070
   2004.812500    376.4092
   2004.833333    376.5442
   2004.854167    376.7068
   2004.875000    376.8879
   2004.895833    377.0805
   2004.916667    377.2840
   2004.937500    377.4947
   2004.958333    377.7062
   2004.979167    377.9153
   2005.000000    378.1187
   2005.020833    378.3171
   2005.041667    378.5081
   2005.062500    378.6891
   2005.083333    378.8600
   2005.104167    379.0218
   2005.125000    379.1689
   2005.145833    379.3026
   2005.166667    379.4219
   2005.187500    379.5251
   2005.208333    379.6128
   2005.229167    379.6862
   2005.250000    379.7473
   2005.270833    379.7998
   2005.291667    379.8478
   2005.312500    379.8945
   2005.333333    379.9420
   2005.354167    379.9919
   2005.375000    380.0390
   2005.395833    380.0800
   2005.416667    380.1091
   2005.437500    380.1203
   2005.458333    380.1087
   2005.479167    380.0706
   2005.500000    380.0048
   2005.520833    379.9114
   2005.541667    379.7923
   2005.562500    379.6556
   2005.583333    379.5002
   2005.604167    379.3336
   2005.625000    379.1660
   2005.645833    379.0049
   2005.666667    378.8586
   2005.687500    378.7372
   2005.708333    378.6475
   2005.729167    378.5950
   2005.750000    378.5831
   2005.770833    378.6118
   2005.791667    378.6794
   2005.812500    378.7809
   2005.833333    378.9112
   2005.854167    379.0655
   2005.875000    379.2370
   2005.895833    379.4247
   2005.916667    379.6265
   2005.937500    379.8391
   2005.958333    380.0620
   2005.979167    380.2933
   2006.000000    380.5142
   2006.020833    380.7445
   2006.041667    380.9653
   2006.062500    381.1664
   2006.083333    381.3431
   2006.104167    381.4942
   2006.125000    381.6183
   2006.145833    381.7194
   2006.166667    381.8086
   2006.187500    381.8881
   2006.208333    381.9610
   2006.229167    382.0273
   2006.250000    382.0821
   2006.270833    382.1196
   2006.291667    382.1340
   2006.312500    382.1218
   2006.333333    382.0834
   2006.354167    382.0229
   2006.375000    381.9474
   2006.395833    381.8648
   2006.416667    381.7791
   2006.437500    381.6955
   2006.458333    381.6111
   2006.479167    381.5084
   2006.500000    381.4095
   2006.520833    381.3001
   2006.541667    381.1788
   2006.562500    381.0488
   2006.583333    380.9133
   2006.604167    380.7770
   2006.625000    380.6466
   2006.645833    380.5266
   2006.666667    380.4208
   2006.687500    380.3335
   2006.708333    380.2791
   2006.729167    380.2331
   2006.750000    380.2129
   2006.770833    380.2202
   2006.791667    380.2566
   2006.812500    380.3231
   2006.833333    380.4354
   2006.854167    380.5616
   2006.875000    380.7140
   2006.895833    380.8894
   2006.916667    381.0832
   2006.937500    381.2868
   2006.958333    381.4944
   2006.979167    381.7015
   2007.000000    381.8065
   2007.020833    381.9868
   2007.041667    382.1667
   2007.062500    382.3477
   2007.083333    382.5334
   2007.104167    382.7249
   2007.125000    382.9181
   2007.145833    383.0999
   2007.166667    383.2825
   2007.187500    383.4479
   2007.208333    383.5897
   2007.229167    383.7046
   2007.250000    383.7912
   2007.270833    383.8539
   2007.291667    383.8992
   2007.312500    383.9337
   2007.333333    383.9632
   2007.354167    383.9909
   2007.375000    384.0058
   2007.395833    384.0328
   2007.416667    384.0499
   2007.437500    384.0504
   2007.458333    384.0289
   2007.479167    383.9812
   2007.500000    383.9068
   2007.520833    383.8072
   2007.541667    383.6861
   2007.562500    383.5505
   2007.583333    383.4067
   2007.604167    383.2609
   2007.625000    383.1209
   2007.645833    382.9920
   2007.666667    382.8794
   2007.687500    382.8066
   2007.708333    382.7420
   2007.729167    382.7073
   2007.750000    382.7056
   2007.770833    382.7372
   2007.791667    382.7999
   2007.812500    382.8878
   2007.833333    382.9947
   2007.854167    383.1131
   2007.875000    383.2376
   2007.895833    383.3595
   2007.916667    383.5001
   2007.937500    383.6494
   2007.958333    383.8078
   2007.979167    383.9758
   2008.000000    384.1877
   2008.020833    384.3609
   2008.041667    384.5204
   2008.062500    384.7193
   2008.083333    384.8457
   2008.104167    384.9541
   2008.125000    385.0566
   2008.145833    385.1338
   2008.166667    385.2223
   2008.187500    385.3145
   2008.208333    385.4519
   2008.229167    385.5523
   2008.250000    385.6489
   2008.270833    385.7370
   2008.291667    385.8115
   2008.312500    385.8680
   2008.333333    385.9744
   2008.354167    385.9969
   2008.375000    385.9474
   2008.395833    385.9392
   2008.416667    385.9153
   2008.437500    385.7914
   2008.458333    385.7465
   2008.479167    385.6878
   2008.500000    385.6111
   2008.520833    385.5144
   2008.541667    385.3950
   2008.562500    385.2523
   2008.583333    385.1019
   2008.604167    384.8942
   2008.625000    384.7200
   2008.645833    384.5613
   2008.666667    384.4261
   2008.687500    384.3212
   2008.708333    384.2483
   2008.729167    384.2112
   2008.750000    384.2031
   2008.770833    384.2269
   2008.791667    384.2853
   2008.812500    384.3782
   2008.833333    384.5062
   2008.854167    384.6685
   2008.875000    384.8588
   2008.895833    385.0695
   2008.916667    385.2912
   2008.937500    385.5106
   2008.958333    385.7219
   2008.979167    385.9213
   2009.000000    386.0454
   2009.020833    386.2001
   2009.041667    386.3510
   2009.062500    386.5049
   2009.083333    386.6681
   2009.104167    386.8421
   2009.125000    386.9978
   2009.145833    387.1755
   2009.166667    387.3315
   2009.187500    387.4512
   2009.208333    387.5254
   2009.229167    387.5536
   2009.250000    387.5437
   2009.270833    387.5117
   2009.291667    387.4756
   2009.312500    387.4521
   2009.333333    387.4512
   2009.354167    387.4752
   2009.375000    387.5165
   2009.395833    387.5630
   2009.416667    387.5987
   2009.437500    387.6096
   2009.458333    387.5864
   2009.479167    387.5350
   2009.500000    387.4091
   2009.520833    387.2628
   2009.541667    387.1075
   2009.562500    386.9554
   2009.583333    386.8139
   2009.604167    386.6869
   2009.625000    386.5763
   2009.645833    386.4795
   2009.666667    386.3940
   2009.687500    386.3178
   2009.708333    386.2483
   2009.729167    386.1879
   2009.750000    386.1411
   2009.770833    386.1098
   2009.791667    386.1045
   2009.812500    386.1306
   2009.833333    386.1905
   2009.854167    386.2809
   2009.875000    386.4028
   2009.895833    386.5473
   2009.916667    386.7091
   2009.937500    386.8812
   2009.958333    387.0642
   2009.979167    387.2562
   2010.000000    387.4900
   2010.020833    387.6188
   2010.041667    387.9243
   2010.062500    388.2529
   2010.083333    388.5873
   2010.104167    388.8996
   2010.125000    389.1581
   2010.145833    389.3406
   2010.166667    389.4341
   2010.187500    389.4382
   2010.208333    389.3672
   2010.229167    389.2449
   2010.250000    389.1386
   2010.270833    389.1698
   2010.291667    389.1431
   2010.312500    389.1482
   2010.333333    389.1702
   2010.354167    389.2062
   2010.375000    389.2496
   2010.395833    389.2933
   2010.416667    389.3283
   2010.437500    389.3472
   2010.458333    389.3443
   2010.479167    389.3161
   2010.500000    389.2726
   2010.520833    389.1867
   2010.541667    389.0816
   2010.562500    388.9601
   2010.583333    388.8276
   2010.604167    388.6902
   2010.625000    388.5570
   2010.645833    388.4366
   2010.666667    388.3322
   2010.687500    388.2435
   2010.708333    388.1927
   2010.729167    388.1758
   2010.750000    388.1947
   2010.770833    388.2490
   2010.791667    388.3385
   2010.812500    388.4594
   2010.833333    388.6083
   2010.854167    388.7796
   2010.875000    388.9634
   2010.895833    389.1509
   2010.916667    389.3185
   2010.937500    389.4622
   2010.958333    389.6188
   2010.979167    389.7581
   2011.000000    389.8885
   2011.020833    389.9984
   2011.041667    390.0995
   2011.062500    390.1920
   2011.083333    390.2792
   2011.104167    390.5703
   2011.125000    390.6262
   2011.145833    390.1940
   2011.166667    390.2680
   2011.187500    390.3489
   2011.208333    390.4398
   2011.229167    390.5439
   2011.250000    390.6611
   2011.270833    390.8984
   2011.291667    391.0301
   2011.312500    391.1618
   2011.333333    391.2895
   2011.354167    391.4051
   2011.375000    391.5012
   2011.395833    391.5692
   2011.416667    391.6048
   2011.437500    391.6038
   2011.458333    391.5698
   2011.479167    391.5047
   2011.500000    391.4186
   2011.520833    391.3165
   2011.541667    391.2032
   2011.562500    391.0839
   2011.583333    390.9594
   2011.604167    390.8344
   2011.625000    390.7054
   2011.645833    390.5825
   2011.666667    390.4642
   2011.687500    390.3614
   2011.708333    390.2806
   2011.729167    390.2198
   2011.750000    390.2019
   2011.770833    390.2068
   2011.791667    390.2487
   2011.812500    390.3159
   2011.833333    390.4042
   2011.854167    390.5103
   2011.875000    390.6146
   2011.895833    390.7363
   2011.916667    390.8802
   2011.937500    391.0476
   2011.958333    391.2259
   2011.979167    391.4191
   2012.000000    391.5109
   2012.020833    391.7183
   2012.041667    391.9259
   2012.062500    392.1322
   2012.083333    392.3280
   2012.104167    392.5139
   2012.125000    392.6899
   2012.145833    392.8835
   2012.166667    393.0483
   2012.187500    393.1929
   2012.208333    393.3138
   2012.229167    393.4017
   2012.250000    393.4492
   2012.270833    393.4541
   2012.291667    393.4191
   2012.312500    393.3538
   2012.333333    393.5209
   2012.354167    393.5065
   2012.375000    393.4723
   2012.395833    393.4317
   2012.416667    393.3914
   2012.437500    393.3500
   2012.458333    393.2977
   2012.479167    393.2199
   2012.500000    393.1053
   2012.520833    392.9479
   2012.541667    392.5082
   2012.562500    392.3435
   2012.583333    392.1960
   2012.604167    392.0751
   2012.625000    391.9962
   2012.645833    391.9656
   2012.666667    391.9233
   2012.687500    391.9262
   2012.708333    391.9620
   2012.729167    392.0244
   2012.750000    392.1107
   2012.770833    392.2247
   2012.791667    392.3697
   2012.812500    392.5455
   2012.833333    393.0139
   2012.854167    393.1794
   2012.875000    393.3394
   2012.895833    393.4923
   2012.916667    393.6401
   2012.937500    393.6721
   2012.958333    393.8157
   2012.979167    393.9399
   2013.000000    394.0668
   2013.020833    394.1801
   2013.041667    394.2953
   2013.062500    394.4122
   2013.083333    394.5315
   2013.104167    394.6648
   2013.125000    394.8029
   2013.145833    394.9491
   2013.166667    395.1065
   2013.187500    395.2722
   2013.208333    395.4420
   2013.229167    395.6079
   2013.250000    395.7580
   2013.270833    395.8846
   2013.291667    395.9852
   2013.312500    396.0562
   2013.333333    396.1177
   2013.354167    396.1656
   2013.375000    396.2065
   2013.395833    396.2452
   2013.416667    396.2812
   2013.437500    396.3094
   2013.458333    396.3214
   2013.479167    396.4629
   2013.500000    396.4206
   2013.520833    396.3426
   2013.541667    396.2240
   2013.562500    396.0643
   2013.583333    395.8683
   2013.604167    395.6458
   2013.625000    395.4142
   2013.645833    395.1900
   2013.666667    394.9892
   2013.687500    394.8274
   2013.708333    394.7124
   2013.729167    394.6471
   2013.750000    394.6305
   2013.770833    394.6586
   2013.791667    394.7271
   2013.812500    394.8313
   2013.833333    394.9691
   2013.854167    395.1388
   2013.875000    395.3349
   2013.895833    395.5513
   2013.916667    395.7788
   2013.937500    396.0029
   2013.958333    396.2117
   2013.979167    396.3955
   2014.000000    396.5388
   2014.020833    396.6544
   2014.041667    396.7390
   2014.062500    396.7980
   2014.083333    396.8394
   2014.104167    396.8719
   2014.125000    396.9041
   2014.145833    396.9450
   2014.166667    397.0021
   2014.187500    397.0802
   2014.208333    397.1806
   2014.229167    397.2984
   2014.250000    397.4212
   2014.270833    397.5336
   2014.291667    397.6195
   2014.312500    397.6656
   2014.333333    397.6682
   2014.354167    397.6322
   2014.375000    397.5715
   2014.395833    397.5033
   2014.416667    397.4431
   2014.437500    397.4007
   2014.458333    397.3760
   2014.479167    397.3612
   2014.500000    397.3444
   2014.520833    397.3144
   2014.541667    397.2642
   2014.562500    397.1944
   2014.583333    397.1108
   2014.604167    397.0214
   2014.625000    396.9355
   2014.645833    396.8583
   2014.666667    396.7913
   2014.687500    396.7360
   2014.708333    396.6926
   2014.729167    396.6648
   2014.750000    396.6582
   2014.770833    396.6804
   2014.791667    396.7389
   2014.812500    396.5207
   2014.833333    396.6444
   2014.854167    396.8155
   2014.875000    397.0151
   2014.895833    397.2513
   2014.916667    397.4574
   2014.937500    397.6472
   2014.958333    397.8197
   2014.979167    397.9775
   2015.000000    398.1069
