2009 3 30 13 21 24 0
5
10.000000
 1 1995
2534768
2534425
2533733
2533428
2533172
2533339
2533607
2533736
2533624
2533250
2532916
2532377
2531429
2530018
2527938
2525523
2522761
2520348
2517966
2515421
2512784
2509999
2507440
2505117
2502807
2500643
2498591
2496764
2495359
2493831
2492404
2491390
2490600
2490176
2489735
2489506
2489359
2489239
2489253
2489709
2490497
2491580
2492355
2493169
2493710
2494422
2495312
2496297
2497535
2498692
2500069
2501526
2502842
2503875
2504645
2505876
2507321
2508829
2510218
2511584
2513085
2514333
2515680
2516916
2518179
2519507
2520818
2522209
2523441
2524313
2525418
2526482
2527620
2528616
2529465
2530598
2531364
2532284
2533010
2533821
2534444
2535186
2535596
2536104
2536433
2536761
2537323
2537961
2538551
2539177
2539531
2539656
2539651
2539574
2539960
2540179
2540267
2540159
2540136
2540165
2540078
2540009
2539980
2540114
2540331
2540762
2541206
2541367
2541156
2540841
2540785
2540767
2540939
2540880
2541065
2540930
2540767
2540595
2540609
2540849
2541105
2540997
2540929
2540655
2540808
2541091
2541007
2540989
2541012
2541488
2542007
2542270
2542488
2542224
2542082
2542032
2542533
2542875
2543289
2543711
2544058
2544425
2544398
2544495
2544375
2544452
2544668
2544826
2544983
2545009
2545210
2545549
2545733
2545814
2546028
2546490
2546839
2547219
2547612
2547840
2548072
2547810
2548069
2548036
2548242
2548325
2548422
2548524
2548631
2549103
2549543
2549744
2549618
2549405
2549315
2549503
2549762
2550046
2550284
2550264
2550689
2550918
2551335
2551536
2551468
2551637
2551757
2552175
2552309
2552004
2551920
2551655
2551969
2552449
2552742
2552734
2552703
2552876
2553136
2553436
2553825
2554213
2554457
2554236
2554077
2554219
2554459
2554715
2554955
2555053
2555265
2555225
2555161
2555291
2555475
2556005
2556133
2556133
2556151
2556286
2556569
2556718
2556885
2556963
2557008
2556922
2557126
2557355
2557397
2557164
2557324
2557578
2557932
2557815
2557670
2557652
2557830
2557797
2557954
2558116
2558492
2558821
2558724
2558716
2558894
2559061
2559554
2559592
2559572
2559207
2558796
2558942
2559262
2559679
2559733
2559748
2559557
2559600
2559871
2560268
2560533
2560336
2560281
2560610
2560598
2560662
2560676
2560604
2560643
2560587
2560712
2560702
2560676
2560685
2561035
2561139
2561329
2561350
2561116
2560751
2560633
2560769
2561217
2561512
2561855
2561899
2561915
2561609
2561685
2561665
2561963
2562261
2562493
2562503
2562419
2562397
2562576
2562526
2562855
2562861
2562993
2562630
2562414
2562409
2562618
2562789
2562862
2562941
2562956
2563124
2563366
2563412
2563697
2563725
2563841
2563761
2563679
2563875
2563641
2563659
2563636
2563956
2564048
2563868
2563786
2563774
2563854
2563672
2563780
2563925
2564284
2564572
2564580
2564449
2564286
2564399
2564516
2564445
2564350
2564411
2564500
2564497
2564548
2564758
2564997
2564895
2564840
2564680
2565023
2565286
2565339
2565116
2565107
2565173
2565409
2565477
2565678
2565747
2565561
2565392
2565309
2565142
2565140
2565075
2565057
2565088
2565155
2565463
2565697
2565791
2565937
2565998
2565887
2565656
2565697
2565778
2565745
2565521
2565431
2565696
2565955
2566132
2566093
2566298
2566437
2566366
2566271
2566313
2566515
2566639
2566742
2566719
2566502
2566160
2566082
2566215
2566442
2566473
2566556
2566563
2566683
2566593
2566223
2565885
2565696
2565947
2566135
2566219
2566346
2566269
2566224
2566189
2566221
2566483
2566506
2566397
2566501
2566612
2566652
2566669
2566628
2566699
2566739
2567004
2567210
2567227
2567001
2566910
2567041
2567236
2567390
2567460
2567306
2567142
2567220
2567535
2568075
2567854
2567625
2567144
2567222
2567396
2567564
2567710
2567863
2568018
2568095
2568089
2567936
2567812
2567783
2567674
2567685
2567431
2567518
2567585
2567587
2567691
2567709
2567653
2567643
2567540
2567425
2567466
2567538
2567718
2567700
2567839
2567873
2568078
2568073
2567878
2567858
2567775
2567642
2567670
2567366
2567124
2566868
2566793
2566793
2566865
2566985
2566952
2566797
2566477
2566463
2566617
2566573
2566524
2566371
2566395
2566406
2566127
2565797
2565140
2564623
2564266
2564270
2564539
2564855
2564681
2564061
2563317
2563099
2563439
2563629
2563403
2562819
2562530
2562474
2562186
2561683
2561114
2560861
2560730
2560398
2560020
2559667
2559355
2559165
2559205
2558972
2558647
2558012
2557524
2557399
2557212
2557032
2556805
2556466
2556164
2555551
2555128
2554751
2554816
2554644
2554197
2554028
2553802
2553821
2553538
2553230
2552965
2552725
2552166
2551741
2551387
2551078
2550836
2550284
2550023
2549883
2549880
2549719
2549348
2549048
2548838
2548690
2548709
2548547
2548285
2548006
2547992
2548295
2548389
2548185
2547763
2547340
2547015
2546600
2546331
2546066
2545986
2546104
2546237
2546267
2546160
2545895
2545603
2545556
2545436
2545385
2545255
2545014
2544802
2544588
2544300
2544123
2543583
2543030
2542558
2542567
2542896
2543222
2543522
2543440
2543371
2542902
2542817
2542752
2542905
2542858
2542646
2542480
2542396
2542189
2542004
2541532
2541230
2541028
2540862
2540628
2540509
2540287
2540107
2540067
2540251
2540199
2540123
2539996
2540013
2540119
2540084
2540084
2540041
2540003
2540196
2540217
2540233
2540201
2540395
2540654
2541038
2541520
2542297
2542958
2543364
2543513
2543725
2544228
2544903
2545800
2546762
2547405
2547823
2547909
2548566
2549303
2550476
2551493
2552511
2553678
2554746
2555868
2556741
2557696
2559026
2560687
2562305
2563557
2564462
2565426
2566464
2568224
2570061
2571899
2573473
2574798
2576346
2578145
2580062
2582018
2583748
2585459
2587439
2589284
2591239
2593299
2595270
2597206
2598836
2600556
2602606
2604670
2606969
2609064
2611234
2613404
2615846
2618184
2620584
2622581
2624801
2627084
2629526
2632072
2634546
2637068
2639577
2641996
2644482
2647041
2649635
2652211
2654577
2657336
2660113
2662866
2665662
2668360
2671225
2673923
2676368
2678802
2681283
2683785
2686608
2688948
2691500
2694039
2697317
2700043
2702719
2705159
2707809
2710624
2712968
2715431
2717789
2720072
2722031
2723984
2725466
2727003
2728006
2728508
2728481
2727856
2726875
2725071
2721984
2717767
2711611
2704290
2694834
2683755
2671615
2658859
2647193
2636529
2627626
2619767
2613411
2608284
2604672
2601886
2599242
2596747
2594515
2592661
2590998
2589607
2588412
2587336
2586223
2585303
2584454
2583781
2582933
2582217
2581578
2580976
2580497
2579923
2579364
2578839
2578485
2578267
2578150
2577630
2577295
2576705
2576925
2576941
2577141
2576813
2576310
2576177
2576075
2575865
2575499
2575029
2575040
2574815
2574600
2574326
2574310
2574413
2574414
2574391
2574488
2574189
2573943
2573578
2573607
2573519
2573783
2573662
2573670
2573314
2573185
2572975
2572612
2572369
2572106
2571997
2571966
2571657
2571709
2571538
2571395
2571388
2571159
2571121
2571071
2571100
2571458
2571719
2571694
2571392
2571071
2571063
2571050
2570954
2570675
2570602
2570535
2570350
2570121
2570000
2569970
2570222
2570262
2570368
2570307
2570291
2570160
2569977
2569929
2570079
2570155
2569968
2570033
2569968
2570038
2570065
2569994
2570360
2570324
2570065
2569852
2569529
2569410
2569137
2569010
2569125
2569153
2569246
2569371
2569476
2569659
2569664
2569823
2569763
2569581
2569340
2569342
2569398
2569724
2569834
2569653
2569361
2569254
2569147
2569065
2568720
2568509
2568690
2568932
2569269
2569452
2569637
2569472
2569116
2568533
2568013
2567843
2567879
2568225
2568483
2568652
2568599
2568526
2568311
2568345
2568603
2568587
2568440
2567825
2567776
2567892
2568074
2568393
2568580
2568832
2569022
2569283
2569494
2569740
2569952
2570147
2570273
2570197
2570048
2569912
2569588
2569386
2569103
2568791
2568396
2567964
2567612
2567319
2566951
2566400
2565789
2565236
2564716
2564465
2564128
2563954
2563396
2562707
2561940
2561265
2560689
2560134
2559489
2559179
2558801
2558430
2557763
2557367
2556754
2556416
2555954
2555798
2555650
2555487
2554962
2554436
2553997
2553623
2553542
2553370
2553273
2553009
2552816
2552258
2551826
2551306
2551455
2551740
2551931
2551644
2551022
2550560
2550129
2549699
2549307
2549057
2549130
2549195
2549031
2548539
2548272
2547896
2547950
2547833
2547931
2547762
2547253
2546741
2546501
2546718
2546854
2546536
2546144
2545804
2545826
2545756
2545575
2545404
2545333
2545338
2545068
2544729
2544452
2544097
2544067
2544131
2544465
2544531
2544012
2543509
2542940
2542905
2543074
2543001
2542903
2542504
2542429
2542352
2542403
2542044
2541774
2541445
2541417
2541434
2541208
2541080
2540882
2540619
2540274
2540223
2540256
2540447
2540324
2540208
2540360
2540471
2540441
2540118
2540014
2539859
2539822
2539682
2539593
2539528
2539493
2539442
2539319
2539162
2539058
2539133
2538961
2538741
2538386
2538245
2538286
2538531
2538704
2538461
2537974
2537545
2537695
2537798
2538016
2537995
2538077
2538002
2538053
2538163
2538173
2537901
2537817
2537672
2537827
2537823
2537738
2537765
2537586
2537629
2537515
2537560
2537565
2537611
2537504
2537616
2537459
2537344
2537347
2537509
2537906
2537801
2537701
2537784
2537862
2538033
2538003
2538081
2538363
2538420
2538394
2538296
2538266
2538333
2538455
2538881
2539273
2539767
2539883
2540211
2540720
2541166
2541561
2541732
2542014
2542223
2542761
2543428
2544390
2545260
2546027
2546560
2546941
2547870
2548933
2550570
2551762
2552909
2554125
2555718
2557298
2558735
2560321
2562275
2564636
2566818
2569264
2571903
2574692
2577607
2580410
2583516
2586899
2590637
2594754
2598923
2602966
2607198
2611580
2616749
2622148
2627536
2632968
2638746
2644936
2651571
2658400
2665691
2673247
2681052
2689007
2697007
2705568
2714588
2724355
2734328
2744892
2755714
2767216
2778789
2790676
2802329
2814302
2826911
2840317
2854008
2868022
2882549
2897670
2912652
2928078
2943749
2960361
2976940
2993847
3011117
3028921
3047145
3065092
3083780
3102683
3122067
3141504
3161006
3180675
3200451
3220251
3240460
3260602
3280936
3301083
3321826
3342636
3363420
3383823
3404447
3425170
3445230
3464614
3484032
3503824
3523829
3543386
3562787
3581705
3600293
3618507
3636082
3653570
3670130
3686319
3702717
3718814
3734769
3749260
3763084
3775968
3788427
3800576
3812190
3823308
3833116
3841947
3850809
3859090
3866785
3872778
3877964
3882808
3886859
3890560
3892513
3894193
3894280
3894390
3893667
3892316
3889999
3887001
3882750
3877961
3872499
3866649
3859674
3851860
3843027
3833600
3823711
3813475
3802545
3791107
3778885
3765889
3752317
3738258
3724136
3709459
3693924
3678274
3662010
3645280
3627914
3610231
3592386
3574453
3556010
3537601
3518709
3500279
3481376
3462098
3442483
3422736
3403514
3384345
3364863
3345248
3325708
3306564
3287571
3268383
3249315
3230077
3210929
3191838
3173251
3155214
3137318
3119762
3102245
3084854
3067522
3050749
3034632
3018856
3003435
2988214
2973011
2957671
2942570
2928176
2914210
2900495
2887173
2874431
2862430
2849937
2837673
2825842
2814672
2803683
2792871
2782387
2772493
2762736
2753400
2744251
2735658
2727164
2719250
2711583
2704178
2696928
2689802
2683002
2676724
2670474
2664603
2658812
2653319
2647927
2642581
2637721
2633258
2628799
2624552
2620239
2616309
2612550
2609048
2605771
2602658
2599486
2596383
2593362
2590583
2587858
2585619
2583295
2581364
2579596
2577640
2575920
2574018
2572275
2570344
2568578
2566969
2565619
2564448
2563296
2562290
2561180
2560165
2559084
2558016
2557096
2556169
2555404
2554576
2553959
2553211
2552428
2551742
2551217
2550514
2549546
2548703
2548470
2548130
2547740
2546988
2546516
2545879
2545223
2544753
2544502
2544250
2543756
2542948
2542541
2542097
2541888
2541718
2541575
2541308
2541275
2541266
2540971
2540511
2539893
2539550
2539276
2539138
2539158
2539102
2538895
2538729
2538526
2538310
2537843
2537609
2537384
2537284
2537031
2536994
2537008
2536943
2537059
2536712
2536593
2536337
2536117
2536048
2536133
2536164
2535997
2535720
2535602
2535854
2535885
2535425
2535170
2535025
2535267
2535504
2535598
2535559
2535487
2535264
2535301
2535349
2535238
2535121
2535072
2535066
2535262
2535333
2535266
2535134
2535036
2535073
2535129
2535049
2535106
2534911
2534762
2534493
2534409
2534143
2534007
2533783
2534090
2534325
2534695
2534690
2534526
2534440
2534401
2534572
2534706
2534663
2534730
2534396
2534311
2534328
2534409
2534490
2534560
2534740
2534899
2534861
2534731
2534363
2534185
2534173
2534330
2534513
2534575
2534717
2534710
2534495
2534421
2534566
2534705
2534550
2534446
2534292
2534447
2534506
2534458
2534490
2534594
2534957
2535036
2534896
2534700
2534472
2534384
2534441
2534620
2534628
2534321
2534069
2534127
2534411
2534658
2534604
2534343
2534060
2533992
2534459
2534631
2534726
2534449
2534432
2534522
2534560
2534452
2534201
2534115
2534069
2534134
2534161
2534200
2534223
2534400
2534459
2534622
2534412
2534230
2534287
2534233
2534229
2534070
2534208
2534501
2534642
2534513
2534506
2534385
2534285
2534207
2534132
2534262
2534147
2534108
2533978
2534198
2534174
2534320
2534362
2534410
2534489
2534491
2534364
2534299
2534265
2534351
2534475
2534391
2533995
2533709
2533555
2533956
2534163
2534201
2534288
2534256
2534238
2533961
2533554
2533460
2533745
2534068
2534050
2533722
2533511
2533625
2533912
2534004
2533973
2533873
2533557
2533491
2533548
2533995
2534095
2534297
2534052
2534152
2534018
2533897
2533907
2533972
2534013
2533940
2533617
2533783
2533935
2534179
2534042
2534036
2533982
2534351
2534425
2534350
2534248
2534257
2534414
2534112
2533874
2533810
2533973
2534022
2533789
2533633
2533555
2533791
2533939
2533904
2533734
2533561
2533550
2533598
2533603
2533811
2534024
2534078
2533926
2533936
2534150
2534520
2534551
2534559
2534446
2534393
2534511
2534500
2534368
2533910
2533596
2533714
2533994
2533893
2533888
2533656
2533802
2533507
2533286
2533108
2533458
2533925
2534237
2534164
2533939
2533648
2533635
2533641
2533675
2533639
2533474
2533500
2533756
2534007
2534276
2534367
2534476
2534379
2534198
2533850
2533775
2533728
2533820
2534004
2533870
2533814
2533691
2533773
2533831
2533762
2533745
2533959
2534045
2534041
2533932
2533887
2533808
2533721
2533692
2533577
2533465
2533358
2533581
2533798
2533887
2533811
2533925
2534107
2534187
2534041
2533902
2533759
2533922
2533950
2534197
2534007
2533945
2533859
2534040
2534177
2534125
2533881
2533738
2533810
2533941
2534034
2534101
2533986
2533871
2533685
2533883
2534146
2534096
2534005
2534102
2534317
2534328
2534365
2534301
2534428
2534552
2534466
2534331
2534253
2534193
2534256
2534232
2534231
2534251
2533980
2533824
2533832
2533862
2533572
2533442
2533400
2533738
2533707
2533504
2533408
2533446
2533646
2533631
2533751
2533966
2534010
2534063
2534134
2534279
2534321
2534023
2533847
2533745
2533659
2533636
2533486
2533468
2533568
2533832
2534047
2534129
2534115
2534127
2534066
2534069
2534069
2534107
2534040
2534059
2534114
2534080
2533908
2533665
2533525
2533559
2533804
2534064
2534170
2534051
2533890
2533593
2533472
2533345
2533446
2533476
2533664
2533702
2533747
2533607
2533515
2533774
2534017
2533993
2533707
2533382
2533324
2533337
2533537
2533754
2533800
2533788
2533620
2533534
2533648
2533700
2533910
2533839
2533747
2533716
2533746
2533968
2534078
2533962
2533794
2533402
2533484
2533681
2533853
2533929
2533949
2533984
2533745
2533646
2533496
2533919
2534035
2534214
2534242
2534294
2534233
2534185
2534010
2533947
2533882
2534092
2534318
2534419
2534125
2533759
2533396
2533394
2533469
2533606
2533718
2534048
2534366
2534385
2534127
2534134
2534222
2534381
2534168
2533949
2533842
2533744
2533616
2533550
2533640
2533818
2533861
2533952
2534102
2534166
2533952
2533805
2533683
2533773
2533724
2533597
2533534
2533484
2533755
2533792
2533823
2533836
2534013
2534131
2534034
2533845
2533561
2533194
2532991
2533052
2533442
2533486
2533444
2533538
2533766
2533764
2533746
2533553
2533597
2533593
2533665
2533845
2534001
2534022
2533999
2534052
2533933
2533929
2533772
2533716
2533619
2533472
2533679
2533810
2533896
2533858
2534207
2534520
2534568
2534375
2534103
2533972
2533920
2533851
2533947
2533660
2533684
2533699
2533895
2533842
2533811
2533862
2533644
2533486
2533344
2533468
2533683
2533886
2534175
2533985
2533737
2533468
2533636
2533821
2534056
2534052
2534064
2534070
2534177
2534417
2534587
2534459
2534355
2533985
2533808
2533486
2533447
2533606
2533577
2533808
2533864
2534173
2534173
2534042
2533772
2533577
2533421
