   0.0   2919888   2919818   2919888     -22.586      500 
   0.1   2919754   2919704   2919754     -23.188      500 
   0.2   2919652   2919555   2919652     -30.540      500 
   0.3   2919392   2919420   2919392     -40.044      500 
   0.4   2919226   2919315   2919226     -50.100      500 
   0.5   2919180   2919298   2919180     -53.442      500 
   0.6   2919251   2919384   2919251     -48.988      500 
   0.7   2919499   2919529   2919499     -29.297      500 
   0.8   2919650   2919645   2919650       2.849      500 
   0.9   2919888   2919668   2919888      54.881      500 
   1.0   2919822   2919538   2919822     124.025      500 
   1.1   2919485   2919305   2919485     211.775      500 
   1.2   2918925   2918997   2918925     311.205      500 
   1.3   2918663   2918782   2918663     420.640      500 
   1.4   2918498   2918699   2918498     536.107      500 
   1.5   2918876   2918924   2918876     660.097      500 
   1.6   2919375   2919494   2919375     797.281      500 
   1.7   2920497   2920446   2920497     951.274      500 
   1.8   2921517   2921699   2921517    1123.392      500 
   1.9   2923211   2923200   2923211    1306.542      500 
   2.0   2924861   2924831   2924861    1496.244      500 
   2.1   2926791   2926551   2926791    1686.618      500 
   2.2   2928528   2928313   2928528    1870.112      500 
   2.3   2930288   2930201   2930288    2036.786      500 
   2.4   2932102   2932235   2932102    2180.143      500 
   2.5   2934212   2934520   2934212    2296.508      500 
   2.6   2936777   2937023   2936777    2386.009      500 
   2.7   2939753   2939770   2939753    2448.563      500 
   2.8   2942926   2942718   2942926    2488.309      500 
   2.9   2945952   2945821   2945952    2503.257      500 
   3.0   2948825   2948937   2948825    2499.586      500 
   3.1   2951843   2951972   2951843    2472.879      500 
   3.2   2954886   2954836   2954886    2426.371      500 
   3.3   2957747   2957523   2957747    2359.077      500 
   3.4   2960122   2960016   2960122    2273.905      500 
   3.5   2962371   2962306   2962371    2160.240      500 
   3.6   2964274   2964380   2964274    2019.023      500 
   3.7   2966190   2966254   2966190    1849.901      500 
   3.8   2967881   2967953   2967881    1665.408      500 
   3.9   2969588   2969506   2969588    1478.295      500 
   4.0   2971098   2970999   2971098    1292.788      500 
   4.1   2972298   2972414   2972298    1101.187      500 
   4.2   2973394   2973703   2973394     903.836      500 
   4.3   2974543   2974740   2974543     698.877      500 
   4.4   2975832   2975410   2975832     489.717      500 
   4.5   2976197   2975740   2976197     274.795      500 
   4.6   2976164   2975849   2976164      60.983      500 
   4.7   2975389   2975744   2975389    -150.912      500 
   4.8   2974793   2975440   2974793    -358.113      500 
   4.9   2974605   2974915   2974605    -563.256      500 
   5.0   2974568   2974243   2974568    -763.864      500 
   5.1   2973800   2973333   2973800    -956.323      500 
   5.2   2972535   2972182   2972535   -1142.122      500 
   5.3   2970671   2970724   2970671   -1316.112      500 
   5.4   2968779   2969012   2968779   -1474.877      500 
   5.5   2966826   2967155   2966826   -1613.035      500 
   5.6   2965108   2965257   2965108   -1742.058      500 
   5.7   2963436   2963340   2963436   -1855.977      500 
   5.8   2961606   2961376   2961606   -1962.165      500 
   5.9   2959446   2959316   2959446   -2052.809      500 
   6.0   2957074   2957149   2957074   -2128.496      500 
   6.1   2954789   2954869   2954789   -2184.548      500 
   6.2   2952351   2952443   2952351   -2225.927      500 
   6.3   2950060   2949958   2950060   -2255.632      500 
   6.4   2947635   2947461   2947635   -2276.460      500 
   6.5   2945113   2945052   2945113   -2288.862      500 
   6.6   2942343   2942692   2942343   -2291.444      500 
   6.7   2940157   2940362   2940157   -2283.304      500 
   6.8   2938004   2938027   2938004   -2262.878      500 
   6.9   2936118   2935695   2936118   -2229.490      500 
   7.0   2933609   2933398   2933609   -2189.049      500 
   7.1   2931062   2931129   2931062   -2143.471      500 
   7.2   2928686   2928871   2928686   -2091.590      500 
   7.3   2926465   2926689   2926465   -2034.655      500 
   7.4   2924592   2924591   2924592   -1966.187      500 
   7.5   2922714   2922678   2922714   -1894.779      500 
   7.6   2921012   2920865   2921012   -1819.266      500 
   7.7   2919146   2919110   2919146   -1746.801      500 
   7.8   2917335   2917390   2917335   -1668.927      500 
   7.9   2915736   2915668   2915736   -1584.175      500 
   8.0   2914068   2914065   2914068   -1489.966      500 
   8.1   2912535   2912551   2912535   -1395.709      500 
   8.2   2911080   2911185   2911080   -1308.113      500 
   8.3   2909780   2909925   2909780   -1225.936      500 
   8.4   2908931   2908749   2908931   -1149.188      500 
   8.5   2907712   2907688   2907712   -1075.129      500 
   8.6   2906810   2906721   2906810   -1002.887      500 
   8.7   2905792   2905876   2905792    -932.447      500 
   8.8   2904958   2905103   2904958    -861.703      500 
   8.9   2904336   2904379   2904336    -795.270      500 
   9.0   2903772   2903749   2903772    -728.235      500 
   9.1   2903301   2903118   2903301    -662.001      500 
   9.2   2902559   2902518   2902559    -593.534      500 
   9.3   2901905   2901871   2901905    -527.675      500 
   9.4   2901252   2901243   2901252    -467.292      500 
   9.5   2900584   2900642   2900584    -406.764      500 
   9.6   2900109   2900109   2900109    -346.203      500 
   9.7   2899582   2899689   2899582    -280.047      500 
   9.8   2899515   2899418   2899515    -212.057      500 
   9.9   2899212   2899319   2899212    -140.878      500 
  10.0   2899205   2899339   2899205     -68.643      500 
  10.1   2899325   2899382   2899325       5.294      500 
  10.2   2899709   2899447   2899709      78.196      500 
  10.3   2899826   2899533   2899826     144.691      500 
  10.4   2899709   2899706   2899709     200.623      500 
  10.5   2899647   2899961   2899647     245.747      500 
  10.6   2900062   2900295   2900062     285.523      500 
  10.7   2900720   2900735   2900720     324.990      500 
  10.8   2901372   2901303   2901372     360.397      500 
  10.9   2902093   2901966   2902093     395.601      500 
  11.0   2902572   2902595   2902572     425.326      500 
  11.1   2903147   2903054   2903147     458.495      500 
  11.2   2903523   2903374   2903523     491.874      500 
  11.3   2903868   2903655   2903868     527.269      500 
  11.4   2903905   2903960   2903905     564.357      500 
  11.5   2903991   2904354   2903991     597.205      500 
  11.6   2904588   2904796   2904588     628.670      500 
  11.7   2905487   2905388   2905487     663.296      500 
  11.8   2906292   2906126   2906292     701.027      500 
  11.9   2907021   2906962   2907021     742.870      500 
  12.0   2907683   2907843   2907683     792.027      500 
  12.1   2908803   2908689   2908803     845.469      500 
  12.2   2909647   2909553   2909647     904.414      500 
  12.3   2910412   2910507   2910412     956.847      500 
  12.4   2911484   2911520   2911484    1000.765      500 
  12.5   2912452   2912556   2912452    1028.973      500 
  12.6   2913688   2913593   2913688    1043.477      500 
  12.7   2914879   2914707   2914879    1050.865      500 
  12.8   2915876   2915939   2915876    1056.743      500 
  12.9   2916991   2917208   2916991    1059.043      500 
  13.0   2918323   2918506   2918323    1054.688      500 
  13.1   2919749   2919734   2919749    1046.297      500 
  13.2   2921258   2920899   2921258    1038.447      500 
  13.3   2922154   2921976   2922154    1027.162      500 
  13.4   2922982   2922938   2922982    1007.874      500 
  13.5   2923643   2923805   2923643     988.134      500 
  13.6   2924467   2924584   2924467     962.626      500 
  13.7   2925310   2925364   2925310     934.697      500 
  13.8   2926277   2926227   2926277     901.058      500 
  13.9   2927195   2927153   2927195     858.669      500 
  14.0   2927971   2928089   2927971     809.688      500 
  14.1   2929027   2929027   2929027     755.326      500 
  14.2   2929971   2929948   2929971     702.653      500 
  14.3   2930895   2930839   2930895     652.109      500 
  14.4   2931562   2931676   2931562     600.075      500 
  14.5   2932463   2932415   2932463     543.174      500 
  14.6   2933052   2933015   2933052     480.316      500 
  14.7   2933566   2933451   2933566     412.457      500 
  14.8   2933804   2933750   2933804     339.374      500 
  14.9   2933926   2933910   2933926     267.727      500 
  15.0   2933997   2933963   2933997     199.101      500 
  15.1   2933818   2933976   2933818     132.686      500 
  15.2   2933929   2933971   2933929      70.617      500 
  15.3   2933851   2933973   2933851      10.149      500 
  15.4   2934010   2933924   2934010     -45.905      500 
  15.5   2933910   2933824   2933910     -95.206      500 
  15.6   2933817   2933688   2933817    -131.878      500 
  15.7   2933543   2933508   2933543    -160.553      500 
  15.8   2933121   2933329   2933121    -183.223      500 
  15.9   2932949   2933094   2932949    -205.332      500 
  16.0   2932839   2932813   2932839    -226.632      500 
  16.1   2932720   2932487   2932720    -243.631      500 
  16.2   2932368   2932171   2932368    -260.613      500 
  16.3   2931787   2931875   2931787    -270.005      500 
  16.4   2931292   2931577   2931292    -278.982      500 
  16.5   2931118   2931274   2931118    -280.206      500 
  16.6   2931055   2930958   2931055    -274.479      500 
  16.7   2930882   2930674   2930882    -264.278      500 
  16.8   2930562   2930387   2930562    -254.138      500 
  16.9   2930043   2930107   2930043    -247.127      500 
  17.0   2929595   2929779   2929595    -236.306      500 
  17.1   2929415   2929439   2929415    -220.621      500 
  17.2   2929155   2929173   2929155    -203.131      500 
  17.3   2929151   2929006   2929151    -189.783      500 
  17.4   2928791   2928919   2928791    -181.186      500 
  17.5   2928707   2928823   2928707    -175.838      500 
  17.6   2928822   2928705   2928822    -164.314      500 
  17.7   2928760   2928617   2928760    -147.565      500 
  17.8   2928551   2928541   2928551    -126.292      500 
  17.9   2928275   2928467   2928275    -106.891      500 
  18.0   2928273   2928324   2928273     -88.505      500 
  18.1   2928301   2928108   2928301     -73.718      500 
  18.2   2928117   2927922   2928117     -59.606      500 
  18.3   2927725   2927775   2927725     -48.283      500 
  18.4   2927534   2927699   2927534     -32.949      500 
  18.5   2927403   2927629   2927403     -17.442      500 
  18.6   2927681   2927638   2927681      -3.806      500 
  18.7   2927809   2927738   2927809       4.482      500 
  18.8   2928023   2927897   2928023       7.387      500 
  18.9   2927945   2928017   2927945       7.427      500 
  19.0   2928176   2928092   2928176       6.735      500 
  19.1   2928205   2928159   2928205       9.410      500 
  19.2   2928212   2928293   2928212      14.895      500 
  19.3   2928163   2928406   2928163      20.725      500 
  19.4   2928377   2928455   2928377      27.444      500 
  19.5   2928709   2928383   2928709      32.586      500 
  19.6   2928649   2928264   2928649      32.500      500 
  19.7   2928105   2928123   2928105      28.884      500 
  19.8   2927687   2927975   2927687      17.497      500 
  19.9   2927589   2927808   2927589       6.978      500 
  20.0   2927740   2927749   2927740      -4.196      500 
  20.1   2927948   2927886   2927948      -7.932      500 
  20.2   2928101   2928188   2928101     -14.390      500 
  20.3   2928310   2928512   2928310     -24.957      500 
  20.4   2928829   2928696   2928829     -40.342      500 
  20.5   2929028   2928719   2929028     -49.439      500 
  20.6   2928919   2928595   2928919     -51.681      500 
  20.7   2928493   2928435   2928493     -49.818      500 
  20.8   2927835   2928235   2927835     -56.361      500 
  20.9   2927669   2927998   2927669     -68.832      500 
  21.0   2927669   2927755   2927669     -82.701      500 
  21.1   2927960   2927568   2927960     -93.904      500 
  21.2   2927697   2927431   2927697    -104.396      500 
  21.3   2927322   2927364   2927322    -117.282      500 
  21.4   2926916   2927264   2926916    -132.404      500 
  21.5   2927040   2927154   2927040    -138.757      500 
  21.6   2927069   2927054   2927069    -133.656      500 
  21.7   2927287   2927060   2927287    -125.100      500 
  21.8   2927102   2927107   2927102    -117.560      500 
  21.9   2927005   2927121   2927005    -123.470      500 
  22.0   2926937   2926977   2926937    -130.339      500 
  22.1   2926911   2926706   2926911    -131.262      500 
  22.2   2926654   2926400   2926654    -121.622      500 
  22.3   2926172   2926136   2926172    -113.891      500 
  22.4   2925577   2925955   2925577    -106.825      500 
  22.5   2925408   2925784   2925408    -105.669      500 
  22.6   2925729   2925614   2925729     -99.905      500 
  22.7   2925785   2925501   2925785     -98.749      500 
  22.8   2925862   2925489   2925862     -91.990      500 
  22.9   2925287   2925490   2925287     -86.291      500 
  23.0   2925141   2925476   2925141     -77.473      500 
  23.1   2925346   2925421   2925346     -63.645      500 
  23.2   2925607   2925463   2925607     -46.665      500 
  23.3   2925514   2925492   2925514     -30.653      500 
  23.4   2925657   2925543   2925657     -21.414      500 
  23.5   2925482   2925477   2925482     -14.551      500 
  23.6   2925557   2925323   2925557      -1.722      500 
  23.7   2925022   2925180   2925022      17.565      500 
  23.8   2925009   2925101   2925009      41.184      500 
  23.9   2924903   2925071   2924903      61.687      500 
  24.0   2925030   2925076   2925030      70.538      500 
  24.1   2925293   2925091   2925293      72.029      500 
  24.2   2925400   2925245   2925400      69.792      500 
  24.3   2925457   2925415   2925457      67.935      500 
  24.4   2925346   2925691   2925346      65.058      500 
  24.5   2925735   2925981   2925735      68.997      500 
  24.6   2926396   2926267   2926396      73.321      500 
  24.7   2926639   2926538   2926639      79.571      500 
  24.8   2927002   2926713   2927002      71.229      500 
  24.9   2926799   2926742   2926799      60.296      500 
  25.0   2926628   2926562   2926628      45.890      500 
  25.1   2926356   2926308   2926356      31.545      500 
  25.2   2925965   2926113   2925965      17.297      500 
  25.3   2925769   2926039   2925769       1.796      500 
  25.4   2925809   2926068   2925809     -11.534      500 
  25.5   2926206   2926134   2926206     -27.736      500 
  25.6   2926483   2926227   2926483     -40.797      500 
  25.7   2926649   2926330   2926649     -45.984      500 
  25.8   2926223   2926365   2926223     -49.099      500 
  25.9   2926158   2926286   2926158     -39.584      500 
  26.0   2926122   2926149   2926122     -26.748      500 
  26.1   2926109   2926032   2926109      -9.355      500 
  26.2   2925935   2925953   2925935      -1.049      500 
  26.3   2925785   2925936   2925785      -5.277      500 
  26.4   2925928   2925825   2925928     -16.843      500 
  26.5   2925876   2925718   2925876     -26.730      500 
  26.6   2925743   2925645   2925743     -30.271      500 
  26.7   2925623   2925729   2925623     -28.370      500 
  26.8   2925438   2925891   2925438     -24.495      500 
  26.9   2925891   2926032   2925891     -29.184      500 
  27.0   2926259   2926122   2926259     -37.796      500 
  27.1   2926744   2926157   2926744     -47.249      500 
  27.2   2926355   2926122   2926355     -55.977      500 
  27.3   2925820   2926026   2925820     -59.714      500 
  27.4   2925456   2925845   2925456     -57.296      500 
  27.5   2925510   2925660   2925510     -48.491      500 
  27.6   2925532   2925477   2925532     -39.496      500 
  27.7   2925579   2925378   2925579     -39.477      500 
  27.8   2925458   2925240   2925458     -46.119      500 
  27.9   2925148   2925057   2925148     -56.473      500 
  28.0   2924810   2924893   2924810     -59.794      500 
  28.1   2924650   2924840   2924650     -52.539      500 
  28.2   2924573   2924949   2924573     -36.935      500 
  28.3   2924995   2925151   2924995     -23.892      500 
  28.4   2925540   2925357   2925540     -19.786      500 
  28.5   2925850   2925494   2925850     -19.438      500 
  28.6   2925914   2925496   2925914     -15.649      500 
  28.7   2925373   2925417   2925373      -9.034      500 
  28.8   2924955   2925235   2924955       3.000      500 
  28.9   2924806   2925066   2924806      15.065      500 
  29.0   2924786   2924943   2924786      23.400      500 
  29.1   2925085   2924891   2925085      26.514      500 
  29.2   2925077   2924935   2925077      28.271      500 
  29.3   2925141   2924976   2925141      25.319      500 
  29.4   2924920   2925024   2924920      25.222      500 
  29.5   2924941   2925088   2924941      34.278      500 
  29.6   2925095   2925166   2925095      51.265      500 
  29.7   2925247   2925293   2925247      74.449      500 
  29.8   2925584   2925468   2925584      87.394      500 
  29.9   2925720   2925668   2925720      94.406      500 
  30.0   2925800   2925785   2925800      97.823      500 
  30.1   2925835   2925832   2925835      97.656      500 
  30.2   2926009   2925837   2926009      99.070      500 
  30.3   2925867   2925887   2925867     103.856      500 
  30.4   2925752   2925976   2925752     111.995      500 
  30.5   2925933   2926098   2925933     118.640      500 
  30.6   2926242   2926252   2926242     119.905      500 
  30.7   2926688   2926409   2926688     114.682      500 
  30.8   2926572   2926541   2926572     103.909      500 
  30.9   2926695   2926638   2926695      96.390      500 
  31.0   2926756   2926700   2926756      91.403      500 
  31.1   2926697   2926817   2926697      93.795      500 
  31.2   2926681   2926998   2926681      98.121      500 
  31.3   2927109   2927236   2927109      99.629      500 
  31.4   2927500   2927380   2927500      94.313      500 
  31.5   2927864   2927449   2927864      81.601      500 
  31.6   2927721   2927422   2927721      71.652      500 
  31.7   2927330   2927364   2927330      62.968      500 
  31.8   2926959   2927323   2926959      59.729      500 
  31.9   2927010   2927339   2927010      52.445      500 
  32.0   2927198   2927427   2927198      48.770      500 
  32.1   2927826   2927562   2927826      44.248      500 
  32.2   2928139   2927731   2928139      38.661      500 
  32.3   2927961   2927846   2927961      32.070      500 
  32.4   2927787   2927873   2927787      30.823      500 
  32.5   2927536   2927799   2927536      34.949      500 
  32.6   2927728   2927695   2927728      40.340      500 
  32.7   2927665   2927650   2927665      41.823      500 
  32.8   2927736   2927688   2927736      39.060      500 
  32.9   2927657   2927757   2927657      32.323      500 
  33.0   2927908   2927839   2927908      25.345      500 
  33.1   2927897   2927922   2927897      16.662      500 
  33.2   2927994   2928021   2927994      15.517      500 
  33.3   2928064   2928064   2928064      23.006      500 
  33.4   2928143   2928075   2928143      31.597      500 
  33.5   2928230   2928055   2928230      38.122      500 
  33.6   2928000   2928077   2928000      38.990      500 
  33.7   2927870   2928073   2927870      42.087      500 
  33.8   2927988   2928029   2927988      44.194      500 
  33.9   2928156   2927990   2928156      48.769      500 
  34.0   2928201   2928010   2928201      50.748      500 
  34.1   2927982   2928115   2927982      56.923      500 
  34.2   2927950   2928218   2927950      63.138      500 
  34.3   2928283   2928304   2928283      74.723      500 
  34.4   2928578   2928387   2928578      91.995      500 
  34.5   2928672   2928515   2928672     112.838      500 
  34.6   2928601   2928653   2928601     132.766      500 
  34.7   2928668   2928754   2928668     141.910      500 
  34.8   2928755   2928790   2928755     146.193      500 
  34.9   2928976   2928844   2928976     150.709      500 
  35.0   2928987   2928982   2928987     158.247      500 
  35.1   2929167   2929229   2929167     163.913      500 
  35.2   2929308   2929559   2929308     163.883      500 
  35.3   2929756   2929879   2929756     160.913      500 
  35.4   2930293   2930151   2930293     162.379      500 
  35.5   2930704   2930375   2930704     169.710      500 
  35.6   2930794   2930549   2930794     180.244      500 
  35.7   2930473   2930673   2930473     188.231      500 
  35.8   2930489   2930724   2930489     191.519      500 
  35.9   2930639   2930740   2930639     186.469      500 
  36.0   2930952   2930783   2930952     182.861      500 
  36.1   2931038   2930910   2931038     180.109      500 
  36.2   2931124   2931146   2931124     185.460      500 
  36.3   2931247   2931425   2931247     198.923      500 
  36.4   2931552   2931751   2931552     223.988      500 
  36.5   2932006   2932018   2932006     265.919      500 
  36.6   2932492   2932248   2932492     325.444      500 
  36.7   2932756   2932404   2932756     401.987      500 
  36.8   2932736   2932526   2932736     495.327      500 
  36.9   2932405   2932668   2932405     636.893      500 
  37.0   2932638   2932870   2932638     851.022      500 
  37.1   2933058   2933220   2933058    1174.751      500 
  37.2   2933891   2933792   2933891    1627.058      500 
  37.3   2934833   2934618   2934833    2245.862      500 
  37.4   2935786   2935564   2935786    3061.539      500 
  37.5   2937097   2936653   2937097    4093.797      500 
  37.6   2938680   2938061   2938680    5343.039      500 
  37.7   2940689   2940207   2940689    6770.545      500 
  37.8   2943325   2943502   2943325    8321.323      500 
  37.9   2948306   2948518   2948306    9904.892      500 
  38.0   2955510   2955906   2955510   11443.788      500 
  38.1   2966092   2966367   2966092   12867.506      500 
  38.2   2979412   2980546   2979412   14118.505      500 
  38.3   2996975   2998605   2996975   15153.218      500 
  38.4   3018584   3020309   3018584   15924.707      500 
  38.5   3043659   3044847   3043659   16405.258      500 
  38.6   3071078   3070993   3071078   16574.684      500 
  38.7   3098177   3097273   3098177   16427.980      500 
  38.8   3123947   3122052   3123947   15964.048      500 
  38.9   3145613   3144151   3145613   15186.926      500 
  39.0   3163825   3162694   3163825   14127.996      500 
  39.1   3177842   3177405   3177842   12826.698      500 
  39.2   3188601   3188454   3188601   11339.702      500 
  39.3   3196585   3196275   3196585    9719.756      500 
  39.4   3201550   3201592   3201550    8046.719      500 
  39.5   3204771   3204896   3204771    6399.977      500 
  39.6   3206271   3206715   3206271    4863.471      500 
  39.7   3207105   3207437   3207105    3501.492      500 
  39.8   3207311   3207436   3207311    2347.626      500 
  39.9   3206958   3207018   3206958    1421.123      500 
  40.0   3206143   3206320   3206143     700.818      500 
  40.1   3205340   3205433   3205340     164.222      500 
  40.2   3204384   3204421   3204384    -231.212      500 
  40.3   3203324   3203356   3203324    -514.105      500 
  40.4   3202308   3202281   3202308    -713.626      500 
  40.5   3201096   3201212   3201096    -859.787      500 
  40.6   3200253   3200177   3200253    -977.036      500 
  40.7   3199190   3199258   3199190   -1086.357      500 
  40.8   3198217   3198411   3198217   -1198.094      500 
  40.9   3197381   3197597   3197381   -1319.578      500 
  41.0   3196769   3196726   3196769   -1460.973      500 
  41.1   3195997   3195737   3195997   -1632.729      500 
  41.2   3194665   3194588   3194665   -1843.958      500 
  41.3   3193178   3193180   3193178   -2098.535      500 
  41.4   3191273   3191425   3191273   -2396.277      500 
  41.5   3189389   3189301   3189389   -2732.104      500 
  41.6   3186856   3186844   3186856   -3105.899      500 
  41.7   3184025   3184080   3184025   -3517.097      500 
  41.8   3180697   3180873   3180697   -3970.419      500 
  41.9   3177079   3177122   3177079   -4456.754      500 
  42.0   3172911   3172707   3172911   -4965.199      500 
  42.1   3168065   3167655   3168065   -5479.632      500 
  42.2   3162101   3161989   3162101   -5999.014      500 
  42.3   3155491   3155726   3155491   -6522.804      500 
  42.4   3148444   3148793   3148444   -7038.799      500 
  42.5   3141141   3141212   3141141   -7535.664      500 
  42.6   3133434   3133012   3133434   -7994.649      500 
  42.7   3124715   3124338   3124715   -8417.851      500 
  42.8   3115087   3115169   3115087   -8797.784      500 
  42.9   3105205   3105479   3105205   -9130.078      500 
  43.0   3095121   3095300   3095121   -9398.646      500 
  43.1   3085107   3084762   3085107   -9600.130      500 
  43.2   3074409   3074134   3074409   -9730.686      500 
  43.3   3063376   3063495   3063376   -9799.896      500 
  43.4   3052483   3052863   3052483   -9801.675      500 
  43.5   3041982   3042247   3041982   -9735.590      500 
  43.6   3032042   3031771   3032042   -9599.438      500 
  43.7   3021849   3021584   3021849   -9398.169      500 
  43.8   3011794   3011745   3011794   -9141.295      500 
  43.9   3001900   3002190   3001900   -8831.831      500 
  44.0   2992907   2992986   2992907   -8471.052      500 
  44.1   2984240   2984224   2984240   -8065.042      500 
  44.2   2976165   2976070   2976165   -7618.032      500 
  44.3   2968259   2968481   2968259   -7141.326      500 
  44.4   2961338   2961380   2961338   -6644.995      500 
  44.5   2954900   2954744   2954900   -6136.048      500 
  44.6   2948974   2948699   2948974   -5626.070      500 
  44.7   2943249   2943280   2943249   -5115.343      500 
  44.8   2938103   2938495   2938103   -4613.552      500 
  44.9   2934082   2934287   2934082   -4123.345      500 
  45.0   2930803   2930723   2930803   -3651.300      500 
  45.1   2927938   2927838   2927938   -3199.578      500 
  45.2   2925392   2925527   2925392   -2772.387      500 
  45.3   2923475   2923597   2923475   -2372.879      500 
  45.4   2922029   2921886   2922029   -2009.721      500 
  45.5   2920848   2920402   2920848   -1679.979      500 
  45.6   2919315   2919204   2919315   -1386.755      500 
  45.7   2918040   2918249   2918040   -1128.040      500 
  45.8   2917164   2917503   2917164    -909.470      500 
  45.9   2916864   2916979   2916864    -730.975      500 
  46.0   2916856   2916692   2916856    -582.006      500 
  46.1   2916679   2916631   2916679    -455.878      500 
  46.2   2916701   2916632   2916701    -351.036      500 
  46.3   2916698   2916628   2916698    -267.277      500 
  46.4   2916649   2916580   2916649    -196.532      500 
  46.5   2916528   2916498   2916528    -137.209      500 
  46.6   2916317   2916411   2916317     -87.244      500 
  46.7   2916320   2916305   2916320     -52.386      500 
  46.8   2916261   2916220   2916261     -28.909      500 
  46.9   2916137   2916151   2916137     -12.343      500 
  47.0   2916090   2916135   2916090       0.484      500 
  47.1   2916139   2916155   2916139      13.905      500 
  47.2   2916185   2916176   2916185      26.247      500 
  47.3   2916187   2916210   2916187      39.556      500 
  47.4   2916373   2916261   2916373      49.951      500 
  47.5   2916374   2916352   2916374      56.571      500 
  47.6   2916387   2916461   2916387      60.687      500 
  47.7   2916464   2916583   2916464      62.173      500 
  47.8   2916705   2916717   2916705      60.313      500 
  47.9   2917003   2916870   2917003      54.639      500 
  48.0   2917029   2917040   2917029      47.035      500 
  48.1   2917100   2917159   2917100      38.973      500 
  48.2   2917236   2917204   2917236      33.406      500 
  48.3   2917342   2917206   2917342      25.074      500 
  48.4   2917185   2917177   2917185      17.001      500 
  48.5   2916997   2917119   2916997      10.844      500 
  48.6   2916972   2917020   2916972       5.729      500 
  48.7   2917046   2916897   2917046       4.927      500 
  48.8   2916858   2916835   2916858       9.560      500 
  48.9   2916683   2916809   2916683      21.227      500 
  49.0   2916713   2916803   2916713      36.516      500 
  49.1   2916787   2916790   2916787      48.369      500 
  49.2   2916995   2916775   2916995      54.547      500 
  49.3   2916817   2916809   2916817      59.517      500 
  49.4   2916898   2916885   2916898      66.635      500 
  49.5   2916912   2917028   2916912      74.706      500 
  49.6   2917045   2917255   2917045      84.294      500 
  49.7   2917430   2917544   2917430      94.960      500 
  49.8   2917868   2917839   2917868     106.557      500 
  49.9   2918285   2918025   2918285     110.301      500 
  50.0   2918394   2918108   2918394     110.774      500 
  50.1   2918240   2918083   2918240     107.270      500 
  50.2   2917846   2918007   2917846     105.064      500 
  50.3   2917678   2917952   2917678     100.509      500 
  50.4   2917771   2917997   2917771      92.179      500 
  50.5   2918060   2918119   2918060      84.199      500 
  50.6   2918471   2918332   2918471      73.660      500 
  50.7   2918729   2918542   2918729      62.764      500 
  50.8   2918895   2918725   2918895      55.408      500 
  50.9   2918682   2918810   2918682      53.257      500 
  51.0   2918805   2918812   2918805      58.125      500 
  51.1   2918678   2918785   2918678      66.532      500 
  51.2   2918893   2918769   2918893      72.675      500 
  51.3   2918694   2918775   2918694      71.974      500 
  51.4   2918769   2918815   2918769      65.809      500 
  51.5   2918902   2918825   2918902      57.444      500 
  51.6   2918890   2918857   2918890      49.170      500 
  51.7   2918914   2918901   2918914      41.355      500 
  51.8   2918950   2919013   2918950      37.892      500 
  51.9   2919021   2919129   2919021      37.548      500 
  52.0   2919218   2919255   2919218      37.827      500 
  52.1   2919464   2919391   2919464      37.583      500 
  52.2   2919566   2919509   2919566      32.610      500 
  52.3   2919605   2919540   2919605      28.018      500 
  52.4   2919545   2919500   2919545      19.879      500 
  52.5   2919460   2919388   2919460      14.106      500 
  52.6   2919318   2919302   2919318      10.168      500 
  52.7   2919027   2919267   2919027       6.495      500 
  52.8   2919134   2919265   2919134       6.425      500 
  52.9   2919232   2919279   2919232       7.613      500 
  53.0   2919548   2919285   2919548       7.600      500 
  53.1   2919459   2919303   2919459       5.295      500 
  53.2   2919300   2919316   2919300       1.499      500 
  53.3   2919155   2919265   2919155      -2.117      500 
  53.4   2919127   2919232   2919127      -1.217      500 
  53.5   2919270   2919250   2919270       0.549      500 
  53.6   2919315   2919374   2919315       3.373      500 
  53.7   2919390   2919525   2919390       0.543      500 
  53.8   2919691   2919620   2919691     -11.012      500 
  53.9   2919826   2919600   2919826     -22.551      500 
  54.0   2919743   2919516   2919743     -31.458      500 
  54.1   2919422   2919404   2919422     -29.377      500 
  54.2   2919057   2919314   2919057     -21.873      500 
  54.3   2918918   2919232   2918918     -13.240      500 
  54.4   2919158   2919166   2919158      -7.342      500 
  54.5   2919246   2919109   2919246      -6.160      500 
  54.6   2919391   2919033   2919391      -6.486      500 
  54.7   2919105   2918946   2919105      -9.296      500 
  54.8   2918732   2918872   2918732     -10.782      500 
  54.9   2918586   2918851   2918586      -9.622      500 
  55.0   2918626   2918948   2918626      -6.406      500 
  55.1   2919064   2919115   2919064      -4.503      500 
  55.2   2919531   2919346   2919531      -4.951      500 
  55.3   2919800   2919524   2919800      -9.353      500 
  55.4   2919799   2919609   2919799     -12.090      500 
  55.5   2919531   2919568   2919531     -10.636      500 
  55.6   2919298   2919411   2919298      -3.547      500 
  55.7   2919060   2919197   2919060       2.658      500 
  55.8   2919054   2919006   2919054       2.912      500 
  55.9   2918893   2918859   2918893      -1.797      500 
  56.0   2918823   2918797   2918823      -6.269      500 
  56.1   2918713   2918767   2918713      -6.400      500 
  56.2   2918782   2918832   2918782      -5.114      500 
  56.3   2918815   2918930   2918815       5.417      500 
  56.4   2919072   2919043   2919072      16.127      500 
  56.5   2919146   2919124   2919146      25.838      500 
  56.6   2919482   2919176   2919482      31.992      500 
  56.7   2919278   2919259   2919278      36.384      500 
  56.8   2919123   2919305   2919123      43.861      500 
  56.9   2919153   2919365   2919153      49.736      500 
  57.0   2919374   2919431   2919374      55.332      500 
  57.1   2919743   2919467   2919743      59.206      500 
  57.2   2919482   2919522   2919482      63.540      500 
  57.3   2919722   2919504   2919722      69.260      500 
  57.4   2919459   2919492   2919459      78.069      500 
  57.5   2919349   2919462   2919349      93.151      500 
  57.6   2919325   2919480   2919325     118.860      500 
  57.7   2919425   2919575   2919425     157.262      500 
  57.8   2919937   2919689   2919937     203.422      500 
  57.9   2919908   2919876   2919908     258.603      500 
  58.0   2920149   2920077   2920149     335.118      500 
  58.1   2920219   2920250   2920219     447.192      500 
  58.2   2920515   2920453   2920515     604.587      500 
  58.3   2920726   2920713   2920726     801.923      500 
  58.4   2921122   2921146   2921122    1052.401      500 
  58.5   2921553   2921665   2921553    1359.110      500 
  58.6   2922538   2922327   2922538    1736.408      500 
  58.7   2923485   2923216   2923485    2197.697      500 
  58.8   2924707   2924517   2924707    2762.057      500 
  58.9   2926115   2926326   2926115    3458.870      500 
  59.0   2928424   2928747   2928424    4301.305      500 
  59.1   2931846   2931860   2931846    5310.679      500 
  59.2   2936177   2935865   2936177    6503.274      500 
  59.3   2941183   2940864   2941183    7895.200      500 
  59.4   2947181   2946983   2947181    9502.383      500 
  59.5   2954546   2954407   2954546   11338.330      500 
  59.6   2963611   2963469   2963611   13420.468      500 
  59.7   2974531   2974575   2974531   15770.146      500 
  59.8   2987878   2988165   2987878   18386.543      500 
  59.9   3004359   3004555   3004359   21261.102      500 
  60.0   3024046   3024079   3024046   24377.223      500 
  60.1   3047049   3046984   3047049   27716.559      500 
  60.2   3073770   3073549   3073770   31261.639      500 
  60.3   3104148   3104098   3104148   34980.102      500 
  60.4   3138854   3138962   3138854   38825.602      500 
  60.5   3177846   3178442   3177846   42748.383      500 
  60.6   3222001   3222764   3222001   46691.844      500 
  60.7   3271563   3271960   3271563   50589.410      500 
  60.8   3325961   3326013   3325961   54378.949      500 
  60.9   3384743   3384734   3384743   57989.742      500 
  61.0   3447798   3447841   3447798   61356.250      500 
  61.1   3514614   3514926   3514614   64420.797      500 
  61.2   3585311   3585632   3585311   67117.898      500 
  61.3   3659244   3659501   3659244   69404.086      500 
  61.4   3735826   3736082   3735826   71217.055      500 
  61.5   3814643   3814774   3814643   72511.836      500 
  61.6   3894880   3894830   3894880   73253.461      500 
  61.7   3975408   3975508   3975408   73437.945      500 
  61.8   4056258   4055987   4056258   73072.586      500 
  61.9   4135985   4135663   4135985   72176.883      500 
  62.0   4213857   4213855   4213857   70760.164      500 
  62.1   4289900   4289899   4289900   68853.500      500 
  62.2   4362889   4363106   4362889   66482.422      500 
  62.3   4433439   4432865   4433439   63701.008      500 
  62.4   4499553   4498738   4499553   60567.652      500 
  62.5   4561016   4560467   4561016   57150.543      500 
  62.6   4617748   4617718   4617748   53523.238      500 
  62.7   4670268   4670444   4670268   49751.344      500 
  62.8   4718238   4718444   4718238   45895.484      500 
  62.9   4762232   4761845   4762232   42008.664      500 
  63.0   4801080   4800647   4801080   38139.145      500 
  63.1   4835628   4834939   4835628   34331.410      500 
  63.2   4865153   4864929   4865153   30625.834      500 
  63.3   4890845   4890939   4890845   27053.975      500 
  63.4   4912972   4913410   4912972   23641.479      500 
  63.5   4932256   4932764   4932256   20394.871      500 
  63.6   4949015   4949216   4949015   17318.992      500 
  63.7   4963058   4963091   4963058   14411.510      500 
  63.8   4974830   4974425   4974830   11671.154      500 
  63.9   4983453   4983414   4983453    9080.133      500 
  64.0   4989805   4990073   4989805    6630.126      500 
  64.1   4994285   4994448   4994285    4289.675      500 
  64.2   4996547   4996678   4996547    2038.273      500 
  64.3   4997220   4996897   4997220    -166.482      500 
  64.4   4995319   4995334   4995319   -2356.292      500 
  64.5   4991555   4991934   4991555   -4558.396      500 
  64.6   4986292   4986684   4986292   -6801.448      500 
  64.7   4979381   4979547   4979381   -9105.902      500 
  64.8   4970641   4970463   4970641  -11485.430      500 
  64.9   4959410   4959407   4959410  -13945.343      500 
  65.0   4945992   4946097   4945992  -16512.691      500 
  65.1   4930071   4930337   4930071  -19196.621      500 
  65.2   4911824   4911888   4911824  -22002.547      500 
  65.3   4890558   4890449   4890558  -24926.230      500 
  65.4   4865988   4865784   4865988  -27955.994      500 
  65.5   4838216   4837720   4838216  -31087.814      500 
  65.6   4806375   4806101   4806375  -34292.496      500 
  65.7   4770624   4770829   4770624  -37539.523      500 
  65.8   4731557   4731822   4731557  -40791.492      500 
  65.9   4689268   4689080   4689268  -44016.637      500 
  66.0   4642954   4642617   4642954  -47185.242      500 
  66.1   4592940   4592478   4592940  -50247.602      500 
  66.2   4538932   4538770   4538932  -53160.004      500 
  66.3   4481841   4481616   4481841  -55865.793      500 
  66.4   4421462   4421357   4421462  -58334.996      500 
  66.5   4358119   4358393   4358119  -60530.645      500 
  66.6   4292929   4292966   4292929  -62412.152      500 
  66.7   4225595   4225472   4225595  -63950.652      500 
  66.8   4156747   4156217   4156747  -65118.402      500 
  66.9   4086163   4085808   4086163  -65890.344      500 
  67.0   4014423   4014663   4014423  -66255.273      500 
  67.1   3942865   3943175   3942865  -66213.344      500 
  67.2   3871612   3871891   3871612  -65767.156      500 
  67.3   3801747   3801333   3801747  -64925.672      500 
  67.4   3732349   3732134   3732349  -63697.441      500 
  67.5   3664619   3664842   3664619  -62115.430      500 
  67.6   3599220   3599796   3599220  -60211.375      500 
  67.7   3536757   3537373   3536757  -58010.297      500 
  67.8   3477669   3477811   3477669  -55545.133      500 
  67.9   3421825   3421479   3421825  -52853.844      500 
  68.0   3368709   3368572   3368709  -49985.051      500 
  68.1   3318927   3319156   3318927  -46993.559      500 
  68.2   3272667   3273249   3272667  -43914.004      500 
  68.3   3230487   3230840   3230487  -40789.547      500 
  68.4   3192222   3192007   3192222  -37656.156      500 
  68.5   3156918   3156767   3156918  -34559.734      500 
  68.6   3124938   3125011   3124938  -31534.867      500 
  68.7   3096200   3096519   3096200  -28601.521      500 
  68.8   3070929   3071095   3070929  -25783.035      500 
  68.9   3048607   3048633   3048607  -23098.734      500 
  69.0   3029103   3028968   3029103  -20565.715      500 
  69.1   3011759   3011821   3011759  -18204.578      500 
  69.2   2996987   2996893   2996987  -16017.514      500 
  69.3   2984235   2984009   2984235  -14010.960      500 
  69.4   2973037   2973055   2973037  -12181.466      500 
  69.5   2963657   2963834   2963657  -10524.174      500 
  69.6   2955781   2956144   2955781   -9043.512      500 
  69.7   2949789   2949658   2949789   -7726.445      500 
  69.8   2944711   2944273   2944711   -6567.803      500 
  69.9   2940171   2939858   2940171   -5551.221      500 
  70.0   2936201   2936220   2936201   -4670.062      500 
  70.1   2932831   2933215   2932831   -3901.401      500 
  70.2   2930600   2930635   2930600   -3245.265      500 
  70.3   2928754   2928537   2928754   -2680.315      500 
  70.4   2927127   2926862   2927127   -2206.274      500 
  70.5   2925623   2925554   2925623   -1809.603      500 
  70.6   2924197   2924424   2924197   -1478.878      500 
  70.7   2923506   2923474   2923506   -1206.610      500 
  70.8   2922776   2922698   2922776    -973.180      500 
  70.9   2922293   2922186   2922293    -774.647      500 
  71.0   2921556   2921815   2921556    -610.238      500 
  71.1   2921643   2921550   2921643    -478.374      500 
  71.2   2921311   2921337   2921311    -376.216      500 
  71.3   2921494   2921195   2921494    -287.769      500 
  71.4   2920972   2921106   2920972    -209.860      500 
  71.5   2921006   2921073   2921006    -148.608      500 
  71.6   2921043   2921014   2921043    -102.349      500 
  71.7   2920944   2921019   2920944     -74.453      500 
  71.8   2921061   2920988   2921061     -49.134      500 
  71.9   2921087   2921014   2921087     -30.474      500 
  72.0   2921091   2921048   2921091     -16.561      500 
  72.1   2921044   2921096   2921044     -12.491      500 
  72.2   2920948   2921166   2920948      -5.491      500 
  72.3   2921158   2921158   2921158      -0.935      500 
  72.4   2921433   2921145   2921433       5.957      500 
  72.5   2921208   2921134   2921208       4.392      500 
  72.6   2921116   2921126   2921116       2.308      500 
  72.7   2920820   2921094   2920820      -4.992      500 
  72.8   2921044   2921026   2921044     -15.829      500 
  72.9   2921088   2920995   2921088     -24.113      500 
  73.0   2921085   2921046   2921085     -26.330      500 
  73.1   2921017   2921097   2921017     -21.888      500 
  73.2   2921093   2921177   2921093     -16.009      500 
  73.3   2921215   2921166   2921215     -15.432      500 
  73.4   2921184   2921102   2921184     -12.744      500 
  73.5   2921076   2920964   2921076      -5.922      500 
  73.6   2921009   2920792   2921009      -0.955      500 
  73.7   2920567   2920656   2920567       1.678      500 
  73.8   2920356   2920629   2920356      -5.245      500 
  73.9   2920365   2920677   2920365     -13.918      500 
  74.0   2920734   2920775   2920734     -19.699      500 
  74.1   2921207   2920901   2921207     -25.634      500 
  74.2   2921381   2921071   2921381     -28.494      500 
  74.3   2921112   2921212   2921112     -28.929      500 
  74.4   2921060   2921260   2921060     -27.181      500 
  74.5   2921066   2921145   2921066     -27.440      500 
  74.6   2921134   2920973   2921134     -31.195      500 
  74.7   2921048   2920786   2921048     -33.584      500 
  74.8   2920631   2920645   2920631     -41.504      500 
  74.9   2920231   2920509   2920231     -49.971      500 
  75.0   2920324   2920415   2920324     -57.799      500 
  75.1   2920239   2920367   2920239     -57.882      500 
  75.2   2920466   2920344   2920466     -49.375      500 
  75.3   2920514   2920364   2920514     -35.799      500 
  75.4   2920490   2920351   2920490     -25.262      500 
  75.5   2920297   2920291   2920297     -15.178      500 
  75.6   2920058   2920228   2920058      -5.839      500 
  75.7   2920135   2920160   2920135       5.455      500 
  75.8   2920108   2920149   2920108      13.191      500 
  75.9   2920252   2920210   2920252      11.349      500 
  76.0   2920281   2920328   2920281      -0.194      500 
  76.1   2920463   2920465   2920463      -6.984      500 
  76.2   2920577   2920557   2920577     -13.508      500 
  76.3   2920713   2920650   2920713     -17.677      500 
  76.4   2920708   2920709   2920708     -25.861      500 
  76.5   2920690   2920723   2920690     -34.686      500 
  76.6   2920589   2920607   2920589     -45.673      500 
  76.7   2920617   2920443   2920617     -58.999      500 
  76.8   2920386   2920276   2920386     -70.156      500 
  76.9   2920041   2920155   2920041     -78.188      500 
  77.0   2919675   2920021   2919675     -80.749      500 
  77.1   2919883   2919881   2919883     -78.126      500 
  77.2   2919953   2919735   2919953     -73.003      500 
  77.3   2919856   2919625   2919856     -65.999      500 
  77.4   2919433   2919517   2919433     -61.944      500 
  77.5   2919302   2919403   2919302     -61.421      500 
  77.6   2919229   2919260   2919229     -59.068      500 
  77.7   2919205   2919226   2919205     -52.731      500 
  77.8   2919202   2919293   2919202     -36.191      500 
  77.9   2919379   2919469   2919379     -19.668      500 
  78.0   2919569   2919620   2919569      -6.382      500 
  78.1   2919868   2919682   2919868      -0.604      500 
  78.2   2919819   2919637   2919819       4.756      500 
  78.3   2919774   2919487   2919774      14.695      500 
  78.4   2919317   2919336   2919317      26.330      500 
  78.5   2918911   2919234   2918911      33.538      500 
  78.6   2918892   2919224   2918892      35.705      500 
  78.7   2919130   2919332   2919130      37.687      500 
  78.8   2919739   2919456   2919739      44.225      500 
  78.9   2919904   2919624   2919904      53.656      500 
  79.0   2919986   2919771   2919986      61.957      500 
  79.1   2919805   2919876   2919805      67.409      500 
  79.2   2919557   2919895   2919557      72.713      500 
  79.3   2919800   2919841   2919800      75.896      500 
  79.4   2920022   2919857   2920022      76.397      500 
  79.5   2920163   2919985   2920163      69.431      500 
  79.6   2919992   2920208   2919992      52.761      500 
  79.7   2920127   2920428   2920127      31.531      500 
  79.8   2920594   2920548   2920594      13.675      500 
  79.9   2920959   2920621   2920959      -1.400      500 
  80.0   2920853   2920645   2920853     -12.891      500 
  80.1   2920572   2920639   2920572     -26.140      500 
  80.2   2920332   2920534   2920332     -36.675      500 
  80.3   2920269   2920325   2920269     -45.445      500 
  80.4   2920157   2920158   2920157     -53.452      500 
  80.5   2920123   2920012   2920123     -56.990      500 
  80.6   2919903   2919904   2919903     -58.830      500 
  80.7   2919672   2919740   2919672     -58.944      500 
  80.8   2919748   2919553   2919748     -57.745      500 
  80.9   2919354   2919458   2919354     -51.613      500 
  81.0   2919410   2919405   2919410     -40.325      500 
  81.1   2919135   2919428   2919135     -29.877      500 
  81.2   2919458   2919460   2919458     -20.143      500 
  81.3   2919832   2919530   2919832     -10.392      500 
  81.4   2919651   2919672   2919651      -0.965      500 
  81.5   2919736   2919769   2919736       4.747      500 
  81.6   2919683   2919848   2919683       6.077      500 
  81.7   2919956   2919814   2919956       6.021      500 
  81.8   2919905   2919756   2919905       4.049      500 
  81.9   2919749   2919756   2919749       7.188      500 
  82.0   2919660   2919759   2919660       0.591      500 
  82.1   2919582   2919784   2919582      -6.505      500 
  82.2   2919709   2919743   2919709     -20.155      500 
  82.3   2919888   2919713   2919888     -30.938      500 
  82.4   2919888   2919659   2919888     -32.439      500 
  82.5   2919687   2919645   2919687     -34.291      500 
  82.6   2919340   2919612   2919340     -33.296      500 
  82.7   2919397   2919557   2919397     -34.661      500 
  82.8   2919453   2919491   2919453     -36.392      500 
  82.9   2919741   2919409   2919741     -37.274      500 
  83.0   2919424   2919354   2919424     -37.638      500 
  83.1   2919331   2919312   2919331     -37.152      500 
  83.2   2919121   2919266   2919121     -37.094      500 
  83.3   2918985   2919257   2918985     -33.353      500 
  83.4   2919241   2919222   2919241     -25.597      500 
  83.5   2919354   2919224   2919354     -16.395      500 
  83.6   2919450   2919204   2919450      -9.794      500 
  83.7   2919298   2919195   2919298      -7.713      500 
  83.8   2918931   2919157   2918931      -6.223      500 
  83.9   2918950   2919090   2918950      -4.569      500 
  84.0   2919066   2919062   2919066       0.018      500 
  84.1   2919161   2919086   2919161       2.486      500 
  84.2   2919164   2919167   2919164       4.961      500 
  84.3   2919266   2919275   2919266       5.561      500 
  84.4   2919334   2919330   2919334       6.887      500 
  84.5   2919390   2919356   2919390      11.104      500 
  84.6   2919361   2919339   2919361      13.331      500 
  84.7   2919362   2919304   2919362      16.503      500 
  84.8   2919256   2919252   2919256      16.517      500 
  84.9   2919193   2919198   2919193      15.417      500 
  85.0   2919076   2919188   2919076      11.357      500 
  85.1   2919195   2919244   2919195       8.331      500 
  85.2   2919275   2919307   2919275      11.097      500 
  85.3   2919356   2919381   2919356      20.026      500 
  85.4   2919585   2919402   2919585      34.918      500 
  85.5   2919586   2919441   2919586      49.806      500 
  85.6   2919343   2919435   2919343      64.301      500 
  85.7   2919309   2919380   2919309      75.756      500 
  85.8   2919219   2919307   2919219      85.979      500 
  85.9   2919529   2919277   2919529      93.573      500 
  86.0   2919340   2919390   2919340      98.578      500 
  86.1   2919331   2919612   2919331      97.860      500 
  86.2   2919699   2919877   2919699      93.775      500 
  86.3   2920224   2920151   2920224      88.970      500 
  86.4   2920677   2920387   2920677      84.543      500 
  86.5   2920743   2920630   2920743      78.675      500 
  86.6   2920792   2920801   2920792      66.000      500 
  86.7   2920730   2920871   2920730      46.884      500 
  86.8   2920771   2920844   2920771      29.771      500 
  86.9   2920826   2920775   2920826      12.870      500 
  87.0   2920853   2920742   2920853      -3.622      500 
  87.1   2920707   2920717   2920707     -28.261      500 
  87.2   2920480   2920646   2920480     -55.182      500 
  87.3   2920465   2920478   2920465     -73.540      500 
  87.4   2920524   2920280   2920524     -76.645      500 
  87.5   2920278   2920133   2920278     -68.562      500 
  87.6   2919822   2920046   2919822     -61.249      500 
  87.7   2919617   2919951   2919617     -58.160      500 
  87.8   2919836   2919792   2919836     -61.125      500 
  87.9   2920004   2919611   2920004     -59.508      500 
  88.0   2919773   2919526   2919773     -49.008      500 
  88.1   2919378   2919569   2919378     -30.370      500 
  88.2   2919216   2919668   2919216     -12.522      500 
  88.3   2919459   2919768   2919459      -0.458      500 
  88.4   2920032   2919822   2920032       8.887      500 
  88.5   2920376   2919849   2920376      19.606      500 
  88.6   2920214   2919849   2920214      25.768      500 
  88.7   2919782   2919845   2919782      24.148      500 
  88.8   2919283   2919840   2919283      17.248      500 
  88.9   2919446   2919847   2919446       9.042      500 
  89.0   2919937   2919906   2919937       3.265      500 
  89.1   2920445   2920053   2920445      -8.562      500 
  89.2   2920504   2920218   2920504     -25.126      500 
  89.3   2920288   2920320   2920288     -45.375      500 
  89.4   2920076   2920284   2920076     -58.608      500 
  89.5   2920078   2920117   2920078     -58.406      500 
  89.6   2919953   2919927   2919953     -49.886      500 
  89.7   2919823   2919745   2919823     -44.527      500 
  89.8   2919642   2919584   2919642     -46.849      500 
  89.9   2919303   2919382   2919303     -59.731      500 
  90.0   2919252   2919161   2919252     -65.382      500 
  90.1   2918965   2919015   2918965     -61.338      500 
  90.2   2918954   2918982   2918954     -46.719      500 
  90.3   2918806   2919043   2918806     -33.853      500 
  90.4   2919038   2919170   2919038     -25.831      500 
  90.5   2919400   2919224   2919400     -19.573      500 
  90.6   2919599   2919282   2919599      -9.460      500 
  90.7   2919456   2919305   2919456       2.510      500 
  90.8   2919264   2919364   2919264      14.768      500 
  90.9   2918948   2919380   2918948      24.405      500 
  91.0   2919292   2919357   2919292      26.081      500 
  91.1   2919483   2919328   2919483      27.047      500 
  91.2   2919693   2919333   2919693      20.365      500 
  91.3   2919418   2919357   2919418      10.621      500 
  91.4   2919174   2919394   2919174       1.712      500 
  91.5   2919160   2919402   2919160       1.221      500 
  91.6   2919363   2919416   2919363       9.908      500 
  91.7   2919572   2919468   2919572      19.261      500 
  91.8   2919699   2919557   2919699      21.565      500 
  91.9   2919684   2919560   2919684      22.687      500 
  92.0   2919448   2919466   2919448      20.457      500 
  92.1   2919464   2919341   2919464      22.534      500 
  92.2   2919212   2919297   2919212      24.443      500 
  92.3   2919013   2919356   2919013      28.899      500 
  92.4   2919246   2919439   2919246      34.151      500 
  92.5   2919683   2919549   2919683      37.869      500 
  92.6   2920056   2919659   2920056      40.683      500 
  92.7   2919954   2919804   2919954      44.736      500 
  92.8   2919604   2919888   2919604      48.304      500 
  92.9   2919739   2919846   2919739      53.282      500 
  93.0   2919876   2919777   2919876      60.643      500 
  93.1   2919922   2919770   2919922      69.992      500 
  93.2   2919762   2919866   2919762      81.587      500 
  93.3   2919755   2920015   2919755      84.043      500 
  93.4   2920125   2920107   2920125      75.514      500 
  93.5   2920346   2920172   2920346      65.521      500 
  93.6   2920409   2920220   2920409      59.932      500 
  93.7   2920406   2920303   2920406      59.999      500 
  93.8   2920243   2920436   2920243      57.610      500 
  93.9   2920279   2920586   2920279      48.751      500 
  94.0   2920537   2920734   2920537      41.356      500 
  94.1   2921035   2920847   2921035      34.239      500 
  94.2   2921349   2920905   2921349      25.578      500 
  94.3   2921111   2920923   2921111      14.931      500 
  94.4   2920674   2920861   2920674       3.397      500 
  94.5   2920471   2920721   2920471      -0.706      500 
  94.6   2920452   2920562   2920452      -3.812      500 
  94.7   2920554   2920470   2920554      -9.483      500 
  94.8   2920527   2920455   2920527     -19.431      500 
  94.9   2920471   2920477   2920471     -33.249      500 
  95.0   2920522   2920459   2920522     -45.694      500 
  95.1   2920471   2920454   2920471     -50.705      500 
  95.2   2920361   2920471   2920361     -46.682      500 
  95.3   2920428   2920512   2920428     -38.088      500 
  95.4   2920434   2920518   2920434     -34.157      500 
  95.5   2920667   2920460   2920667     -37.804      500 
  95.6   2920555   2920354   2920555     -44.284      500 
  95.7   2920309   2920236   2920309     -50.264      500 
  95.8   2919973   2920125   2919973     -54.542      500 
  95.9   2919811   2920050   2919811     -59.330      500 
  96.0   2919834   2919992   2919834     -58.519      500 
  96.1   2920078   2919979   2920078     -56.165      500 
  96.2   2920180   2919975   2920180     -49.327      500 
  96.3   2920101   2919961   2920101     -50.160      500 
  96.4   2919879   2919900   2919879     -48.165      500 
  96.5   2919653   2919745   2919653     -45.357      500 
  96.6   2919556   2919597   2919556     -35.717      500 
  96.7   2919524   2919479   2919524     -25.699      500 
  96.8   2919450   2919506   2919450     -19.317      500 
  96.9   2919330   2919553   2919330     -16.345      500 
  97.0   2919703   2919608   2919703     -15.088      500 
  97.1   2919689   2919629   2919689     -15.930      500 
  97.2   2920007   2919645   2920007     -16.688      500 
  97.3   2919491   2919672   2919491     -14.994      500 
  97.4   2919548   2919673   2919548     -10.132      500 
  97.5   2919516   2919630   2919516      -5.673      500 
  97.6   2919694   2919642   2919694      -4.452      500 
  97.7   2919749   2919663   2919749      -5.729      500 
  97.8   2919659   2919711   2919659      -3.125      500 
  97.9   2919701   2919646   2919701      -1.395      500 
  98.0   2919720   2919561   2919720      -1.816      500 
  98.1   2919524   2919479   2919524      -1.418      500 
  98.2   2919231   2919440   2919231      -1.358      500 
  98.3   2919223   2919397   2919223       1.782      500 
  98.4   2919458   2919392   2919458      -1.425      500 
  98.5   2919607   2919446   2919607      -2.255      500 
  98.6   2919579   2919580   2919579      -1.016      500 
  98.7   2919486   2919695   2919486       5.127      500 
  98.8   2919813   2919751   2919813      11.862      500 
  98.9   2919856   2919736   2919856      19.695      500 
  99.0   2919863   2919693   2919863      27.751      500 
  99.1   2919569   2919637   2919569      37.792      500 
  99.2   2919545   2919571   2919545      43.564      500 
  99.3   2919418   2919513   2919418      43.097      500 
  99.4   2919438   2919513   2919438      40.069      500 
  99.5   2919553   2919586   2919553      39.584      500 
  99.6   2919748   2919711   2919748      40.369      500 
  99.7   2919953   2919857   2919953      39.662      500 
  99.8   2919964   2920022   2919964      33.805      500 
  99.9   2920169   2920154   2920169      27.281      500 
 100.0   2920191   2920231   2920191      23.555      500 
 100.1   2920372   2920264   2920372      20.618      500 
 100.2   2920324   2920274   2920324      17.766      500 
 100.3   2920246   2920291   2920246      14.164      500 
 100.4   2920159   2920282   2920159      12.452      500 
 100.5   2920190   2920209   2920190      14.177      500 
 100.6   2920197   2920098   2920197      17.352      500 
 100.7   2920172   2919977   2920172      19.505      500 
 100.8   2919937   2919893   2919937      20.031      500 
 100.9   2919571   2919814   2919571      18.012      500 
 101.0   2919715   2919769   2919715      20.148      500 
 101.1   2919754   2919819   2919754      24.831      500 
 101.2   2920073   2919985   2920073      30.970      500 
 101.3   2920092   2920236   2920092      34.697      500 
 101.4   2920432   2920478   2920432      38.558      500 
 101.5   2920776   2920598   2920776      39.771      500 
 101.6   2920895   2920648   2920895      42.623      500 
 101.7   2920736   2920649   2920736      43.264      500 
 101.8   2920484   2920645   2920484      45.138      500 
 101.9   2920329   2920571   2920329      45.773      500 
 102.0   2920460   2920515   2920460      38.865      500 
 102.1   2920661   2920492   2920661      29.521      500 
 102.2   2920621   2920540   2920621      14.125      500 
 102.3   2920513   2920582   2920513       1.592      500 
 102.4   2920628   2920594   2920628     -17.165      500 
 102.5   2920558   2920606   2920558     -33.390      500 
 102.6   2920690   2920649   2920690     -46.255      500 
 102.7   2920562   2920739   2920562     -52.891      500 
 102.8   2920721   2920778   2920721     -53.742      500 
 102.9   2920939   2920783   2920939     -57.706      500 
 103.0   2920861   2920721   2920861     -63.975      500 
 103.1   2920644   2920567   2920644     -69.179      500 
 103.2   2920228   2920323   2920228     -69.512      500 
 103.3   2920145   2919982   2920145     -66.039      500 
 103.4   2919652   2919709   2919652     -58.201      500 
 103.5   2919429   2919554   2919429     -52.222      500 
 103.6   2919209   2919503   2919209     -50.740      500 
 103.7   2919401   2919515   2919401     -51.678      500 
 103.8   2919872   2919536   2919872     -55.219      500 
 103.9   2919823   2919609   2919823     -56.640      500 
 104.0   2919750   2919739   2919750     -54.751      500 
 104.1   2919630   2919877   2919630     -51.557      500 
 104.2   2919701   2919953   2919701     -45.290      500 
 104.3   2919942   2919953   2919942     -45.455      500 
 104.4   2920329   2919940   2920329     -46.899      500 
 104.5   2920041   2919864   2920041     -58.471      500 
 104.6   2919713   2919708   2919713     -67.247      500 
 104.7   2919297   2919446   2919297     -71.592      500 
 104.8   2919098   2919191   2919098     -71.206      500 
 104.9   2918940   2918979   2918940     -64.805      500 
 105.0   2918777   2918902   2918777     -58.308      500 
 105.1   2918747   2918805   2918747     -46.888      500 
 105.2   2919011   2918705   2919011     -32.577      500 
 105.3   2918810   2918647   2918810     -16.768      500 
 105.4   2918661   2918662   2918661       3.043      500 
 105.5   2918275   2918718   2918275      27.412      500 
 105.6   2918598   2918754   2918598      44.377      500 
 105.7   2919098   2918812   2919098      55.903      500 
 105.8   2919240   2918993   2919240      65.756      500 
 105.9   2919169   2919215   2919169      79.803      500 
 106.0   2919160   2919457   2919160      89.279      500 
 106.1   2919553   2919629   2919553      88.169      500 
 106.2   2919888   2919746   2919888      82.908      500 
 106.3   2919951   2919818   2919951      83.071      500 
 106.4   2920019   2919831   2920019      82.722      500 
 106.5   2919952   2919859   2919952      75.768      500 
 106.6   2919661   2919911   2919661      58.675      500 
 106.7   2919565   2919961   2919565      44.945      500 
 106.8   2919879   2919988   2919879      39.948      500 
 106.9   2920479   2919999   2920479      33.494      500 
 107.0   2920439   2920072   2920439      22.317      500 
 107.1   2919953   2920162   2919953       8.918      500 
 107.2   2919784   2920162   2919784       4.292      500 
 107.3   2920015   2920062   2920015       7.195      500 
 107.4   2920297   2919990   2920297      13.381      500 
 107.5   2920101   2920027   2920101      20.591      500 
 107.6   2919889   2920093   2919889      25.643      500 
 107.7   2919954   2920058   2919954      21.929      500 
 107.8   2920212   2919968   2920212      15.183      500 
 107.9   2920055   2919910   2920055      12.964      500 
 108.0   2919851   2919953   2919851      23.388      500 
 108.1   2919758   2920043   2919758      34.645      500 
 108.2   2920061   2920157   2920061      36.032      500 
 108.3   2920323   2920261   2920323      34.956      500 
 108.4   2920550   2920377   2920550      33.068      500 
 108.5   2920614   2920435   2920614      33.190      500 
 108.6   2920581   2920455   2920581      27.777      500 
 108.7   2920289   2920455   2920289      16.736      500 
 108.8   2920224   2920443   2920224       6.740      500 
 108.9   2920293   2920467   2920293       2.464      500 
 109.0   2920648   2920512   2920648       2.053      500 
 109.1   2920773   2920572   2920773      -0.630      500 
 109.2   2920581   2920619   2920581      -7.775      500 
 109.3   2920640   2920567   2920640     -16.265      500 
 109.4   2920409   2920424   2920409     -22.121      500 
 109.5   2920293   2920210   2920293     -23.494      500 
 109.6   2920082   2920076   2920082     -23.974      500 
 109.7   2919880   2920056   2919880     -19.508      500 
 109.8   2919888   2920102   2919888     -18.645      500 
 109.9   2920038   2920184   2920038     -16.662      500 
 110.0   2920491   2920239   2920491     -13.705      500 
 110.1   2920584   2920290   2920584      -2.295      500 
 110.2   2920416   2920267   2920416       9.584      500 
 110.3   2920045   2920214   2920045      14.042      500 
 110.4   2919958   2920128   2919958      11.732      500 
 110.5   2920017   2920059   2920017       3.486      500 
 110.6   2919962   2920061   2919962      -7.066      500 
 110.7   2920314   2920176   2920314     -20.112      500 
 110.8   2920331   2920368   2920331     -30.421      500 
 110.9   2920493   2920550   2920493     -35.423      500 
 111.0   2920519   2920636   2920519     -34.406      500 
 111.1   2920802   2920607   2920802     -32.140      500 
 111.2   2920716   2920439   2920716     -31.258      500 
 111.3   2920350   2920184   2920350     -35.331      500 
 111.4   2919741   2919878   2919741     -40.642      500 
 111.5   2919448   2919614   2919448     -46.931      500 
 111.6   2919302   2919486   2919302     -51.161      500 
 111.7   2919243   2919509   2919243     -50.842      500 
 111.8   2919592   2919636   2919592     -43.404      500 
 111.9   2919963   2919750   2919963     -33.795      500 
 112.0   2920269   2919817   2920269     -24.394      500 
 112.1   2919890   2919821   2919890     -14.299      500 
 112.2   2919621   2919733   2919621       3.242      500 
 112.3   2919328   2919603   2919328      24.705      500 
 112.4   2919532   2919513   2919532      41.574      500 
 112.5   2919501   2919542   2919501      43.256      500 
 112.6   2919549   2919682   2919549      36.126      500 
 112.7   2919913   2919811   2919913      26.795      500 
 112.8   2920069   2919912   2920069      15.240      500 
 112.9   2920193   2919995   2920193       6.361      500 
 113.0   2919985   2920146   2919985      -0.965      500 
 113.1   2919959   2920253   2919959       1.730      500 
 113.2   2920165   2920254   2920165       3.781      500 
 113.3   2920498   2920228   2920498       7.771      500 
 113.4   2920525   2920179   2920525       4.417      500 
 113.5   2920043   2920131   2920043       1.540      500 
 113.6   2919717   2919957   2919717      -4.805      500 
 113.7   2919735   2919730   2919735      -3.819      500 
 113.8   2919672   2919523   2919672       2.929      500 
 113.9   2919537   2919495   2919537      11.727      500 
 114.0   2919243   2919603   2919243      18.135      500 
 114.1   2919606   2919747   2919606      17.782      500 
 114.2   2919907   2919816   2919907      16.131      500 
 114.3   2920354   2919931   2920354      13.345      500 
 114.4   2920184   2920080   2920184      19.435      500 
 114.5   2920082   2920252   2920082      29.662      500 
 114.6   2919904   2920342   2919904      33.270      500 
 114.7   2920456   2920379   2920456      32.700      500 
 114.8   2920590   2920399   2920590      29.861      500 
 114.9   2920644   2920388   2920644      27.548      500 
 115.0   2920381   2920319   2920381      23.022      500 
 115.1   2920108   2920233   2920108      15.442      500 
 115.2   2920049   2920091   2920049      10.223      500 
 115.3   2919744   2920040   2919744       9.975      500 
 115.4   2920019   2920026   2920019      11.606      500 
 115.5   2920260   2920085   2920260      11.906      500 
 115.6   2920254   2920157   2920254       8.806      500 
 115.7   2920312   2920247   2920312       1.242      500 
 115.8   2920177   2920327   2920177       0.525      500 
 115.9   2920331   2920377   2920331       1.084      500 
 116.0   2920375   2920401   2920375       4.830      500 
 116.1   2920547   2920447   2920547       5.566      500 
 116.2   2920460   2920477   2920460       5.126      500 
 116.3   2920597   2920482   2920597       4.270      500 
 116.4   2920319   2920431   2920319      -0.221      500 
 116.5   2920400   2920343   2920400      -2.117      500 
 116.6   2920272   2920244   2920272      -2.260      500 
 116.7   2920143   2920160   2920143      -2.555      500 
 116.8   2920087   2920097   2920087      -5.670      500 
 116.9   2920001   2920098   2920001     -14.974      500 
 117.0   2920128   2920116   2920128     -23.991      500 
 117.1   2920134   2920192   2920134     -30.984      500 
 117.2   2920319   2920272   2920319     -26.545      500 
 117.3   2920373   2920362   2920373     -21.643      500 
 117.4   2920461   2920435   2920461     -16.778      500 
 117.5   2920430   2920427   2920430     -21.579      500 
 117.6   2920341   2920340   2920341     -27.916      500 
 117.7   2920344   2920133   2920344     -34.005      500 
 117.8   2920072   2919964   2920072     -39.601      500 
 117.9   2919720   2919867   2919720     -41.178      500 
 118.0   2919527   2919865   2919527     -40.473      500 
 118.1   2919554   2919886   2919554     -36.927      500 
 118.2   2920163   2919874   2920163     -37.077      500 
 118.3   2920256   2919865   2920256     -39.269      500 
 118.4   2920082   2919814   2920082     -40.996      500 
 118.5   2919592   2919721   2919592     -39.134      500 
 118.6   2919312   2919613   2919312     -33.096      500 
 118.7   2919363   2919540   2919363     -25.456      500 
 118.8   2919452   2919594   2919452     -15.423      500 
 118.9   2919754   2919688   2919754     -13.725      500 
 119.0   2919991   2919769   2919991     -16.213      500 
 119.1   2920069   2919761   2920069     -21.074      500 
 119.2   2919772   2919686   2919772     -25.416      500 
 119.3   2919375   2919587   2919375     -20.888      500 
 119.4   2919257   2919526   2919257     -14.073      500 
 119.5   2919325   2919477   2919325      -8.662      500 
 119.6   2919567   2919473   2919567      -9.397      500 
 119.7   2919702   2919523   2919702     -13.914      500 
 119.8   2919819   2919573   2919819     -17.848      500 
 119.9   2919424   2919572   2919424     -20.590      500 
