         256       3
   0   0 255   0   0   0 255 178 127 178 127 255  76 255 255 255 255 255 255
 178  76   0   0   0   0   0   0   0  76 178 255 255 255 255 255 255 255 255
 216 165 127 127 127 127 127 127 127 165 216 255 255 255 255 127 127 127 127
  89  38   0   0   0   0   0   0   0  38  89 127 127 127 127 200 215 225 235
 157 120 122 163 174 255 255 255 255 255 255 255 255 255 255 255 255 255 255
 255 255 255 255 255 255 255 255 255 255 255 255 255 255 255 255 255 255 255
 255 255 255 255 255 255 255 255 255 255 255 255 255 255 255 255 255 255 255
 255 255 255 136 137 138 139 140 141 142 143 144 145 146 147 148 149 150 151
 152 153 154 155 156 157 158 159 160 161 162 163 164 165 166 167 168 169 170
 171 172 173 174 175 176 177 178 179 180 181 182 183 184 185 186 187 188 189
 190 191 192 193 194 195 196 197 198 199 200 201 202 203 204 205 206 207 208
 209 210 211 212 213 214 215 216 217 218 219 220 221 222 223 224 225 226 227
 228 229 230 231 232 233 234 235 236 237 238 239 240 241 242 243 244 245 246
 247 248 249 250 251 252 253 254 255
   0   0   0 255 255   0   0   0 127 255   0  76   0 255 255   0   0   0   0
   0   0   0  76 178 255 255 255 255 255 255 255 178  76   0 127 127 127 127
 127 127 127 165 216 255 255 255 255 255 255 255 216 165 127   0   0   0   0
   0   0   0  38  89 127 127 127 127 127 127 127  89  38   0 200 215 225 235
  89 109  94 145 147 255 255 255 255 255 255 255 255 255 255 255 255 255 255
 255 255 255 255 255 255 255 255 255 255 255 255 255 255 255 255 255 255 255
 255 255 255 255 255 255 255 255 255 255 255 255 255 255 255 255 255 255 255
 255 255 255 136 137 138 139 140 141 142 143 144 145 146 147 148 149 150 151
 152 153 154 155 156 157 158 159 160 161 162 163 164 165 166 167 168 169 170
 171 172 173 174 175 176 177 178 179 180 181 182 183 184 185 186 187 188 189
 190 191 192 193 194 195 196 197 198 199 200 201 202 203 204 205 206 207 208
 209 210 211 212 213 214 215 216 217 218 219 220 221 222 223 224 225 226 227
 228 229 230 231 232 233 234 235 236 237 238 239 240 241 242 243 244 245 246
 247 248 249 250 251 252 253 254 255
   0   0   0 255   0 127 255 255 127  51  51   0 255   0 255   0  76 178 255
 255 255 255 255 255 255 178  76   0   0   0   0   0   0   0 127 165 216 255
 255 255 255 255 255 255 216 165 127 127 127 127 127 127 127   0  38  89 127
 127 127 127 127 127 127  89  38   0   0   0   0   0   0   0 200 215 225 235
  62  83  71 106 110 255 255 255 255 255 255 255 255 255 255 255 255 255 255
 255 255 255 255 255 255 255 255 255 255 255 255 255 255 255 255 255 255 255
 255 255 255 255 255 255 255 255 255 255 255 255 255 255 255 255 255 255 255
 255 255 255 136 137 138 139 140 141 142 143 144 145 146 147 148 149 150 151
 152 153 154 155 156 157 158 159 160 161 162 163 164 165 166 167 168 169 170
 171 172 173 174 175 176 177 178 179 180 181 182 183 184 185 186 187 188 189
 190 191 192 193 194 195 196 197 198 199 200 201 202 203 204 205 206 207 208
 209 210 211 212 213 214 215 216 217 218 219 220 221 222 223 224 225 226 227
 228 229 230 231 232 233 234 235 236 237 238 239 240 241 242 243 244 245 246
 247 248 249 250 251 252 253 254 255
