         220       3
   0   6  12  18  24  30  36  42  48  54  60  66  72  78  84  86  89  92  94
  97 100 102 105 108 111 113 116 119 121 124 127 130 127 124 121 118 115 112
 109 106 103 100  97  94  91  88  85  83  82  81  80  80  79  78  77  77  76
  75  74  74  73  72  71  71  70  69  68  68  67  66  65  65  64  63  62  62
  61  60  59  59  58  57  56  56  55  54  53  53  52  51  50  50  49  48  47
  47  46  45  44  44  43  42  41  41  40  39  38  38  37  36  35  35  34  33
  32  32  31  30  29  29  28  27  26  26  25  24  23  23  37  52  66  81  95
 110 124 139 153 168 182 197 211 226 240 255 255 255 255 255 255 255 255 255
 255 255 255 255 255 255 255 255 255 255 255 255 255 255 255 255 255 255 255
 255 255 255 255 255 255 255 255 255 255 255 255 255 255 255 255 255 255 255
 255 255 255 255 255 255 255 255 255 255 255 255 255 255 255 255 255 255 255
 255 255 255 255 255 255 255 255 255 255 255
   0   0   0   0   0   0   0   0   0   0   0   0   0   0   0   1   3   5   7
   9  10  12  14  16  18  20  21  23  25  27  29  31  29  27  25  23  21  19
  17  15  13  11   9   7   5   3   1   0   2   5   8  11  14  17  20  23  26
  29  31  34  37  40  43  46  49  52  55  58  60  63  66  69  72  75  78  81
  84  87  89  92  95  98 101 104 107 110 113 116 118 121 124 127 130 133 136
 139 142 145 147 150 153 156 159 162 165 168 171 174 176 179 182 185 188 191
 194 197 200 203 205 208 211 214 217 220 223 226 229 232 233 234 236 237 239
 240 242 243 244 246 247 249 250 252 253 255 249 244 238 233 227 222 217 211
 206 200 195 190 184 179 173 168 163 157 152 146 141 136 130 125 119 114 109
 103  98  92  87  82  80  78  76  74  72  70  68  66  64  62  61  59  57  55
  53  51  49  47  45  43  41  40  38  36  34  32  30  28  26  24  22  20  19
  17  15  13  11   9   7   5   3   1   0 255
   0  12  25  37  50  62  75  87 100 112 125 137 150 162 175 177 180 183 186
 189 191 194 197 200 203 206 208 211 214 217 220 223 225 227 229 231 233 235
 237 239 241 243 245 247 249 251 253 255 251 248 245 242 239 235 232 229 226
 223 219 216 213 210 207 204 200 197 194 191 188 184 181 178 175 172 168 165
 162 159 156 153 149 146 143 140 137 133 130 127 124 121 117 114 111 108 105
 102  98  95  92  89  86  82  79  76  73  70  66  63  60  57  54  51  47  44
  41  38  35  31  28  25  22  19  15  12   9   6   3   0   0   0   0   0   0
   0   0   0   0   0   0   0   0   0   0   0   0   0   0   0   0   0   0   0
   0   0   0   0   0   0   0   0   0   0   0   0   0   0   0   0   0   0   0
   0   0   0   0   0   0   0   0   0   0   0   0   0   0   0   0   0   0   0
   0   0   0   0   0   0   0   0   0   0   0   0   0   0   0   0   0   0   0
   0   0   0   0   0   0   0   0   0   0 255
