    1971.3369596600533000     332.0599976
    1971.3533980250359000     331.5249939
    1971.3753652870655000     332.5499878
    1971.3944958150387000     332.0599976
    1971.4136795997620000     332.3599854
    1971.4328595995903000     331.4700012
    1971.4520814418793000     330.9249878
    1971.4712499976158000     329.8350220
    1971.4904603958130000     329.3800049
    1971.5096061825752000     326.6649780
    1971.5288071036339000     324.7250061
    1971.5671898722649000     319.6099854
    1971.5863584280014000     319.6000061
    1971.7015791535378000     318.3099976
    1971.7206658720970000     319.3099976
    1971.8165886998177000     324.0000000
    1971.8357629179955000     325.8550110
    1971.8550057411194000     325.5150146
    1971.8932667374611000     329.7849731
    1971.9123858213425000     328.5599976
    1971.9288013577461000     329.7699890
    1971.9701370596886000     331.0499878
    1972.0082764113322000     332.8900146
    1972.0465486496687000     333.9349976
    1972.2404219806194000     334.0100098
    1972.4537075161934000     334.1700134
    1972.4700990617275000     332.8300171
    1972.4892949461937000     330.7850037
    1972.5629041194916000     322.9599915
    1972.5657540559769000     322.3200073
    1972.5821133255959000     320.6000061
    1972.5984839797020000     318.0750122
    1972.6175830960274000     319.1700134
    1972.6420480608940000     317.8450012
    1972.6641051769257000     318.8750000
    1972.6831189393997000     319.9700012
    1972.7399438023567000     325.5449829
    1972.7781913876534000     326.9199829
    1972.7973512411118000     325.9200134
    1972.8164314031601000     328.6900024
    1972.8356918096542000     328.3399963
    1972.8737477064133000     329.6499939
    1972.8982107639313000     332.7749939
    1972.9176571369171000     331.9899902
    1972.9313088059425000     333.0050049
    1972.9504344463348000     333.7699890
    1972.9886953830719000     333.1950073
    1973.0050799087621000     335.6050110
    1973.0133124049753000     334.2600098
    1973.1094463467598000     335.0299988
    1973.2433980256319000     336.9400024
    1973.3392123281956000     337.0400085
    1973.3995433747768000     335.9899902
    1973.4762937724590000     332.9500122
    1973.5391837954521000     327.7899780
    1973.5727549791336000     324.6199951
    1973.6077435612679000     323.1849976
    1973.6547659635544000     321.5700073
    1973.6766837835312000     321.7000122
    1973.7093511819839000     324.4500122
    1973.7453576922417000     325.1049805
    1973.7753805518150000     328.7699890
    1973.7998097538948000     328.9800110
    1973.8679794669151000     331.6000061
    1973.8876045942307000     332.6400146
    1973.9152682423592000     333.3699951
    1973.9370433688164000     333.6000061
    1974.0082382038236000     336.8200073
    1974.2185502350330000     337.9200134
    1974.3150019049644000     337.3150024
    1974.3501426875591000     338.1050110
    1974.4546232819557000     338.6600037
    1974.5014154911041000     334.9000244
    1974.5200970172882000     333.8850098
    1974.5782572031021000     324.8200073
    1974.6190487146378000     323.4650269
    1974.6353995800018000     323.3800049
    1974.6766172051430000     322.2099915
    1974.6929984688759000     323.3699951
    1974.7309170365334000     324.7999878
    1974.7506221532822000     326.2550049
    1974.8273591995239000     331.5850220
    1974.8630612492561000     332.7149963
    1974.8876579403877000     333.4599915
    1974.9643359780312000     336.0650024
    1975.0575684905052000     336.6000061
    1975.0767313539982000     336.5400085
    1975.0959246531129000     336.4700012
    1975.1150342449546000     336.1900024
    1975.1344082951546000     337.0700073
    1975.1719977110624000     336.3299866
    1975.1999429166317000     335.3450012
    1975.2105308175087000     336.4700012
    1975.2299885749817000     336.3750000
    1975.3144406378269000     336.9550171
    1975.3308238089085000     336.2150269
    1975.3533675670624000     336.6199951
    1975.3642085194588000     336.7299805
    1975.3829337954521000     336.4550171
    1975.4025684893131000     336.0800171
    1975.4247241020203000     334.6250000
    1975.5368150472641000     330.2200012
    1975.5637556910515000     327.1950073
    1975.5884703397751000     325.8900146
    1975.6300799250603000     324.5100098
    1975.6823059320450000     323.5000000
    1975.7152968049049000     324.6749878
    1975.7394977211952000     326.3900146
    1975.7502282857895000     327.5399780
    1975.7722032070160000     329.3450012
    1975.7858447432518000     328.0449829
    1975.8078196644783000     329.8450012
    1975.8683123588562000     333.6649780
    1975.9589517116547000     336.4450073
    1976.0049901334569000     336.3800049
    1976.0159949902445000     337.4100037
    1976.0569596253335000     338.1799927
    1976.0739222839475000     337.3350220
    1976.3469755649567000     339.1649780
    1976.3633120656013000     337.6450195
    1976.3986604213715000     337.8099976
    1976.4233644306660000     336.9949951
    1976.4372533261776000     335.8200073
    1976.4587697088718000     335.7899780
    1976.5053316950798000     333.4849854
    1976.5163744688034000     331.5650024
    1976.5324264168739000     331.6600037
    1976.5410594940186000     332.0250244
    1976.5543981790543000     328.9549866
    1976.5709054470062000     327.4700012
    1976.6148110032082000     325.1799927
    1976.6530624032021000     322.8900146
    1976.6857733726501000     324.4349976
    1976.7049749493599000     325.5200195
    1976.7621129155159000     327.2999878
    1976.7896744012833000     328.9550171
    1976.8196189999580000     332.0350037
    1976.8278024196625000     330.1666565
    1976.8280396461487000     330.0833435
    1976.8280566930771000     331.8049927
    1976.8376404047012000     332.6199951
    1976.8766393065453000     332.6199951
    1976.9261726140976000     335.7850037
    1976.9367600083351000     335.7849731
    1976.9532672762871000     335.0200195
    1976.9700022935867000     337.5250244
    1976.9969775080681000     336.0850220
    1977.0161453578621000     337.5100098
    1977.0300722960383000     337.8450012
    1977.0492579899728000     338.3800049
    1977.1451426893473000     337.0849915
    1977.1833904087543000     337.9649963
    1977.2218512147665000     339.1000061
    1977.2437690347433000     338.9349976
    1977.2794996201992000     338.7550049
    1977.2989155352116000     339.7500000
    1977.3341799974442000     339.9049988
    1977.3556411862373000     339.5100098
    1977.3999334275723000     339.9100037
    1977.4191114902496000     338.7500000
    1977.5529109835625000     330.7200012
    1977.5938831567764000     327.0599976
    1977.6055365204811000     326.3699951
    1977.6816685795784000     326.5449829
    1977.7122621536255000     327.1900024
    1977.7420757412910000     328.2799988
    1977.7780194282532000     330.3750000
    1977.7889840006828000     331.1149902
    1977.8111263513565000     332.1749878
    1977.8356620669365000     332.7200012
    1977.8573535084724000     333.9700012
    1977.8708218932152000     334.2150269
    1977.9096347093582000     336.1700134
    1977.9750475883484000     337.7050171
    1978.0138698630035000     338.2100220
    1978.0329242758453000     339.1149902
    1978.0493626333773000     341.2850037
    1978.0742484778166000     340.2950134
    1978.0878329575062000     341.0000000
    1978.1092922389507000     341.6199951
    1978.1259589046240000     342.0150146
    1978.1478767096996000     340.8950195
    1978.1588375121355000     339.7399902
    1978.2352149933577000     341.5799866
    1978.2543930709362000     340.0000000
    1978.2736777067184000     341.3649902
    1978.2958333194256000     341.7600098
    1978.3501712381840000     340.9450073
    1978.3698059320450000     340.4700012
    1978.3888584375381000     340.4100037
    1978.4386415481567000     339.4049988
    1978.4492465555668000     340.6600037
    1978.4492522776127000     340.5000000
    1978.4734589159489000     339.6499939
    1978.4848744273186000     337.8099976
    1978.4848934412003000     339.3699951
    1978.5037100315094000     334.2999878
    1978.5228881239891000     335.5000000
    1978.5425228476524000     332.5399780
    1978.5425323843956000     332.4100037
    1978.6240106821060000     327.7099915
    1978.6494863033295000     325.9100037
    1978.7010825872421000     327.6099854
    1978.7145015001297000     327.8599854
    1978.7556773424149000     329.5350037
    1978.8302416205406000     335.3549805
    1978.8737062215805000     337.8900146
    1978.9013127684593000     338.8350220
    1978.9175894260406000     337.1000061
    1978.9344177842140000     338.0799866
    1978.9453482031822000     338.5100098
    1978.9694634675980000     338.8300171
    1978.9886795878410000     338.7600098
    1979.0058789956383000     341.1549988
    1979.0242865290493000     339.2099915
    1979.0409246571362000     340.7900085
    1979.0598173514009000     340.3549805
    1979.1038717702031000     340.1350098
    1979.1174086779356000     340.2900085
    1979.1340182721615000     341.8900146
    1979.1557648330927000     342.4649963
    1979.1749048680067000     341.6250000
    1979.1941210031509000     341.9799805
    1979.2351027429104000     342.0650024
    1979.2768740653992000     342.2749939
    1979.3098744153976000     342.6900024
    1979.3284817337990000     343.2399902
    1979.3476598262787000     342.2699890
    1979.3693398237228000     342.7300110
    1979.3856735229492000     342.7200012
    1979.4138222932816000     344.2850037
    1979.4241533279419000     342.9849854
    1979.4519977271557000     342.0350037
    1979.4626141488552000     341.4100037
    1979.4816876053810000     341.4049988
    1979.5009893178940000     337.4349976
    1979.5290144681931000     334.8300171
    1979.5617009401321000     329.1425171
    1979.5669330358505000     329.5350037
    1979.5785958766937000     329.4450073
    1979.5917237401009000     327.8125000
    1979.5967617630959000     328.7149963
    1979.6158105134964000     325.9249878
    1979.6357495784760000     327.7200012
    1979.6574771404266000     327.9400024
    1979.6736872196198000     327.8200073
    1979.6736967563629000     326.8549805
    1979.6926369667053000     327.8299866
    1979.7337328791618000     330.1749878
    1979.7500494122505000     331.7700195
    1979.7694539427757000     332.0899963
    1979.7725456357002000     332.7099915
    1979.7912899851799000     333.5350037
    1979.8076674342155000     334.3699951
    1979.8273306488991000     337.2449951
    1979.8465087413788000     338.3299866
    1979.8928995132446000     337.4349976
    1979.9806126952171000     338.5700073
    1980.0983037352562000     343.0499878
    1980.1529105901718000     341.6099854
    1980.1717326939106000     343.6224976
    1980.2485769540071000     343.4299927
    1980.3632266819477000     345.8099976
    1980.4043146669865000     344.3800049
    1980.4207403659821000     345.6449890
    1980.4480305016041000     343.1749878
    1980.4835515320301000     341.5950012
    1980.4835685789585000     340.5599976
    1980.4999202787876000     341.5499878
    1980.4999430775642000     340.0700073
    1980.5163365006447000     338.2200012
    1980.5354432463646000     337.0850220
    1980.5355096459389000     337.7950134
    1980.5764078497887000     335.9450073
    1980.6010359525681000     333.5299988
    1980.6201996207237000     332.8500061
    1980.6230456829071000     331.4749756
    1980.6393157839775000     331.1250000
    1980.6769809126854000     331.0100098
    1980.6777815818787000     331.1650085
    1980.7157521247864000     332.4199829
    1980.7157711386681000     331.7924805
    1980.7348777651787000     335.4299927
    1980.7458029985428000     333.2349854
    1980.7512807250023000     335.1124878
    1980.7677063941956000     335.9500122
    1980.7677102684975000     335.3399963
    1980.8224043846130000     338.0899963
    1980.8358189463615000     340.3649902
    1980.8414788246155000     340.0750122
    1980.8743454217911000     340.0700073
    1980.8798383474350000     340.0700073
    1980.8988273739815000     341.0899963
    1980.9258310794830000     342.4650269
    1980.9261726140976000     342.3449707
    1980.9398622512817000     341.9800110
    1981.0081621007994000     345.0499878
    1981.0136415520683000     345.2500000
    1981.0359589047730000     345.7050171
    1981.0410102754831000     343.5199890
    1981.0520262569189000     344.5150146
    1981.0739193260670000     345.3900146
    1981.0903729125857000     344.1600037
    1981.1365525126457000     346.8950195
    1981.1478786170483000     345.6099854
    1981.1670433878899000     345.0249939
    1981.1670681238174000     345.0400085
    1981.2028082162142000     345.4799805
    1981.2246023714542000     344.4050293
    1981.2437328845263000     346.0599976
    1981.2437404990196000     344.4700012
    1981.2656963467598000     346.3299866
    1981.2821689546108000     347.1199951
    1981.2821784615517000     345.6450195
    1981.3013032674789000     346.6400146
    1981.3232020437717000     346.3400269
    1981.3396765589714000     345.4550171
    1981.3670643270016000     347.3450012
    1981.3807686567307000     346.3750000
    1981.3999619483948000     346.1149902
    1981.4056354761124000     346.1849976
    1981.4056430757046000     346.0549927
    1981.4164878129959000     345.7200012
    1981.4164992570877000     345.5350037
    1981.4383142888546000     345.5299988
    1981.4574676752090000     343.3599854
    1981.4574809968472000     343.1199951
    1981.4821594655514000     341.1149902
    1981.4930936098099000     341.5650024
    1981.4931145012379000     341.6849976
    1981.5204813480377000     339.5350037
    1981.5369482040405000     335.4750061
    1981.5369634628296000     336.0200195
    1981.5780060887337000     332.3349915
    1981.5780136585236000     331.8649902
    1981.5971993803978000     332.6000061
    1981.5972012877464000     332.2349854
    1981.6081525683403000     332.0050049
    1981.6081697344780000     331.4799805
    1981.6355612277985000     331.3250122
    1981.6355764865875000     331.7200012
    1981.6465277671814000     329.3200073
    1981.6465486884117000     328.2250061
    1981.6465677022934000     328.5000000
    1981.6739193201065000     330.7949829
    1981.6739231348038000     330.9799805
    1981.6739307641983000     330.8250122
    1981.6876198649406000     332.0599976
    1981.6876217722893000     332.7500000
    1981.6876294016838000     332.1699829
    1981.7232382297516000     334.1049805
    1981.7232401371002000     334.4049988
    1981.7232496142387000     333.6900024
    1981.7506297230721000     335.1700134
    1981.7506335377693000     335.0299988
    1981.7506374120712000     335.2300110
    1981.7698078155518000     335.8649902
    1981.7698097229004000     335.7399902
    1981.7698173522949000     335.7349854
    1981.7835064530373000     339.8150024
    1981.7835083603859000     339.6300049
    1981.7835159897804000     339.8400269
    1981.8191286325455000     340.4600220
    1981.8191305398941000     341.1400146
    1981.8191343545914000     340.3200073
    1981.8410388231277000     341.5800171
    1981.8410464525223000     340.7700195
    1981.8574809432030000     340.9049988
    1981.8574828505516000     341.0899963
    1981.8574885725975000     340.5700073
    1981.8848763108253000     342.3750000
    1981.8848820924759000     342.4749756
    1981.8848896622658000     342.2600098
    1981.8958371281624000     343.1774902
    1981.8958390355110000     343.1400146
    1981.9150114059448000     342.7799988
    1981.9150171279907000     342.9599915
    1981.9150209426880000     342.8750000
    1981.9341856837273000     343.7250061
    1981.9341971278191000     343.7900085
    1981.9341990351677000     343.7399902
    1981.9533713459969000     344.4100037
    1981.9533751606941000     344.3049927
    1981.9533789753914000     344.2650146
    1981.9724885821342000     345.2949829
    1981.9725475311279000     345.3150024
    1981.9725551605225000     344.3399963
    1981.9971461296082000     346.5350037
    1981.9972222447395000     345.8850098
    1982.0166666675359000     345.4349976
    1982.0219748858362000     345.6099854
    1982.0275133177638000     345.0299988
    1982.0382971838117000     346.4700012
    1982.0383086018264000     346.9700012
    1982.0383181124926000     346.9400024
    1982.0384379774332000     344.4299927
    1982.0520034246147000     347.0150146
    1982.0520053282380000     346.8850098
    1982.0711834058166000     345.0000000
    1982.0711853131652000     345.1366882
    1982.1150076091290000     346.8800049
    1982.1150209233165000     347.6199951
    1982.1150247305632000     347.5199890
    1982.1533751934767000     347.9299927
    1982.1533789932728000     347.9849854
    1982.1670642942190000     347.9749756
    1982.1670757234097000     348.2299805
    1982.1670814305544000     348.1650085
    1982.1862518936396000     348.1000061
    1982.1862557083368000     348.0899963
    1982.1862614154816000     347.7150269
    1982.2081697136164000     347.7219849
    1982.2218683362007000     348.1950073
    1982.2218702435493000     347.1250000
    1982.2218740582466000     347.8800049
    1982.2410407066345000     347.7699890
    1982.2410426288843000     347.2299805
    1982.2410521358252000     346.8999939
    1982.2684398889542000     347.5700073
    1982.2684417963028000     347.6649780
    1982.2684455811977000     347.5549927
    1982.2793911695480000     347.1400146
    1982.2793930768967000     347.0549927
    1982.2794044911861000     347.0800171
    1982.3013165891171000     347.6749878
    1982.3013204038143000     347.7349854
    1982.3013222813606000     347.8200073
    1982.3177511394024000     347.3900146
    1982.3177587389946000     347.3699951
    1982.3177606463432000     347.3450012
    1982.3476579189301000     347.9199829
    1982.3476617038250000     347.7449951
    1982.3476636409760000     347.6700134
    1982.3615848720074000     347.3049927
    1982.3615886569023000     347.1849976
    1982.3615924715996000     347.1900024
    1982.3752283155918000     347.0399780
    1982.3752872943878000     347.4100037
    1982.3752929866314000     347.1149902
    1982.3944539725780000     348.8299866
    1982.3944596648216000     347.3049927
    1982.3944634795189000     347.1799927
    1982.4161415398121000     349.1050110
    1982.4161434769630000     348.7999878
    1982.4161529541016000     348.2149963
    1982.4410445392132000     345.9750061
    1982.4410483241081000     345.7424927
    1982.4574771821499000     345.8099976
    1982.4574828743935000     346.0650024
    1982.4574866592884000     345.7999878
    1982.4848763346672000     342.9400024
    1982.4848839640617000     343.0449829
    1982.4848896563053000     343.0100098
    1982.4985730648041000     341.8499756
    1982.4985863864422000     341.9450073
    1982.4985920786858000     341.9599915
    1982.5095281600952000     340.5899963
    1982.5095300674438000     340.8200073
    1982.5095376372337000     340.8099976
    1982.5287081599236000     339.9599915
    1982.5287119150162000     339.9049988
    1982.5287157297134000     339.8099976
    1982.5587328672409000     339.5899963
    1982.5587385892868000     339.0549927
    1982.5752816200256000     336.1849976
    1982.5752853751183000     336.4349976
    1982.5752891898155000     335.8200073
    1982.6054261922836000     334.8750000
    1982.6054300069809000     334.3750000
    1982.6054319143295000     334.3150024
    1982.6382933855057000     332.1600037
    1982.6382952928543000     332.0750122
    1982.6382991075516000     331.7300110
    1982.6546195149422000     332.4450073
    1982.6546232700348000     331.5349731
    1982.6546270847321000     330.9849854
    1982.6630688905716000     332.1699829
    1982.6630726456642000     332.1799927
    1982.6630745530128000     332.0700073
    1982.6904680132866000     332.0274963
    1982.6904775500298000     332.0000000
    1982.7179394960403000     332.4199829
    1982.7179432511330000     332.9550171
    1982.7179490327835000     332.8099976
    1982.7232457995415000     333.2949829
    1982.7232477068901000     333.0399780
    1982.7232515215874000     332.9550171
    1982.7424124479294000     335.9100037
    1982.7424182295799000     336.0700073
    1982.7424219846725000     335.9749756
    1982.7643265128136000     335.8949890
    1982.7643302679062000     335.9700012
    1982.7643341422081000     335.8049927
    1982.8026788830757000     338.6799927
    1982.8026864528656000     338.6449890
    1982.8026883602142000     338.1449890
    1982.8108980655670000     340.9349976
    1982.8109056353569000     341.4550171
    1982.8109074831009000     341.3599854
    1982.8274562358856000     340.1000061
    1982.8274619579315000     340.1950073
    1982.8274657726288000     340.0850220
    1982.8355689048767000     340.1875000
    1982.8355745673180000     340.2850037
    1982.8574771881104000     342.2500000
    1982.8575969934464000     343.0950012
    1982.8576065301895000     343.1250000
    1982.8576122522354000     343.0950012
    1982.8739212155342000     342.1550293
    1982.8739231824875000     342.3900146
    1982.8739250302315000     342.1500244
    1982.8931050300598000     343.6300049
    1982.8931088447571000     343.5349731
    1982.8931106925011000     343.5700073
    1982.9231278896332000     343.9200134
    1982.9231335520744000     343.8699951
    1982.9231373667717000     343.8200073
    1982.9342027902603000     343.0250244
    1982.9342142343521000     342.9400024
    1982.9535008072853000     344.5000000
    1982.9535121917725000     344.5199890
    1982.9889269471169000     345.4024963
    1982.9889839887619000     345.5100098
    1983.0383086018264000     347.0449829
    1983.0383181124926000     346.3475037
    1983.0578196346760000     348.1099854
    1983.0578291490674000     347.8699951
    1983.0578386597335000     347.8049927
    1983.0655821934342000     347.1024780
    1983.0876141563058000     346.1640015
    1983.1066723763943000     346.6300049
    1983.1066780835390000     346.3349915
    1983.1256183385849000     346.7550049
    1983.1256221383810000     346.8200073
    1983.1451483964920000     347.3883362
    1983.1914916336536000     347.6300049
    1983.1914954334497000     347.6400146
    1983.1915049552917000     347.5549927
    1983.1918379068375000     347.6900024
    1983.1942351609468000     348.5200195
    1983.1972031891346000     348.3280029
    1983.1973173469305000     348.6900024
    1983.2027968019247000     348.6799927
    1983.2081620991230000     348.4550171
    1983.2244863063097000     347.0749817
    1983.2491381168365000     347.5599976
    1983.2491438388824000     347.4874878
    1983.2627568542957000     348.2050171
    1983.2628424763680000     347.8150330
    1983.2790525257587000     347.4974976
    1983.2847507596016000     347.8175049
    1983.2847526669502000     347.8499756
    1983.2847697734833000     347.9500122
    1983.2984589040279000     347.7116699
    1983.3202530443668000     348.6283264
    1983.3419501483440000     347.6400146
    1983.3419520556927000     347.6450195
    1983.3419806063175000     347.5449829
    1983.3558695018291000     348.4100037
    1983.3558847010136000     348.5250244
    1983.3749429285526000     348.0549927
    1983.3749524354935000     347.9249878
    1983.3942256569862000     348.8900146
    1983.3942294418812000     348.0549927
    1983.3942313492298000     348.0700073
    1983.3943246006966000     347.9450073
    1983.4412576258183000     347.6250000
    1983.4517636895180000     347.2749939
    1983.4517694115639000     347.7024841
    1983.4763090014458000     346.0850220
    1983.4753424525261000     346.1849976
    1983.4873782098293000     346.2299805
    1983.4873877465725000     346.7299805
    1983.4863013625145000     346.4000244
    1983.5065639019012000     341.4349976
    1983.5093036293983000     342.4550171
    1983.5082191824913000     342.7949829
    1983.5339611768723000     340.6849976
    1983.5477625727654000     339.3200073
    1983.5477644205093000     338.2050171
    1983.5477758646011000     338.2100220
    1983.5669330358505000     338.2749939
    1983.5669425129890000     338.2949829
    1983.5669463872910000     337.9500122
    1983.6217465996742000     333.8849792
    1983.6490163803101000     332.4899902
    1983.6490296721458000     332.4024963
    1983.6711187362671000     332.1900024
    1983.6901407837868000     333.3999939
    1983.6985730528831000     333.0424805
    1983.6985768675804000     333.1699829
    1983.7285349965096000     334.3699951
    1983.7777891755104000     339.3150024
    1983.7777968049049000     339.3549805
    1983.7778006196022000     339.2799988
    1983.7998268604279000     339.8450012
    1983.7998287677765000     339.7099915
    1983.8190829157829000     344.1950073
    1983.8190867900848000     344.0849915
    1983.8380612730980000     343.6450195
    1983.8380707502365000     343.6049805
    1983.8571251630783000     344.8425293
    1983.8571327924728000     344.9749756
    1983.8736757636070000     346.3099976
    1983.8736776709557000     346.1849976
    1983.8736815452576000     346.3900146
    1983.8955935835838000     347.4150085
    1983.8955973982811000     347.2899780
    1983.8956069350243000     347.4349976
    1983.9148858189583000     345.5399780
    1983.9148877263069000     345.5499878
    1983.9148972630501000     345.6250000
    1983.9314383268356000     344.8399963
    1983.9314421415329000     344.8800049
    1983.9314459562302000     344.9049988
    1983.9532420635223000     347.1099854
    1983.9532458186150000     347.1900024
    1983.9532534480095000     347.2550049
    1983.9668378829956000     347.3699951
    1983.9887557029724000     346.3466797
    1983.9876712560654000     346.2749939
    1984.0079121133313000     349.6750183
    1984.0243055559695000     348.5400085
    1984.0461634807289000     347.0599976
    1984.0461672730744000     347.1350098
    1984.0680157095194000     351.4400024
    1984.0680214017630000     351.2999878
    1984.0871470868587000     351.2225037
    1984.1008026003838000     350.0150146
    1984.1008082851768000     349.8825073
    1984.1226624175906000     350.0700073
    1984.1226662099361000     349.9174805
    1984.1445165425539000     350.1449890
    1984.1445241421461000     350.0899963
    1984.1609137803316000     351.4750061
    1984.1609175801277000     351.3674927
    1984.1773053258657000     349.4000244
    1984.1773110181093000     349.2999878
    1984.1963209509850000     350.4349976
    1984.1963228583336000     350.4424744
    1984.2155623883009000     349.6560059
    1984.2428734004498000     349.6350098
    1984.2428753077984000     349.7000122
    1984.2428790926933000     349.8099976
    1984.2565346062183000     349.2000122
    1984.2565383911133000     349.2949829
    1984.2565402984619000     349.2249756
    1984.2783925235271000     349.5599976
    1984.2784001231194000     349.6950073
    1984.2773224115372000     349.6149902
    1984.2975181937218000     349.4700012
    1984.2975201308727000     349.4749756
    1984.2975239157677000     349.5150146
    1984.3112932443619000     349.4375000
    1984.3113046586514000     349.4649963
    1984.3303050994873000     349.9000244
    1984.3303070068359000     349.8649902
    1984.3303107917309000     350.1250000
    1984.3332384824753000     350.0000000
    1984.3359517157078000     349.7799988
    1984.3387408852577000     350.2699890
    1984.3414408564568000     350.3200073
    1984.3442300260067000     349.8800049
    1984.3467877209187000     350.3699951
    1984.3495559990406000     350.6600037
    1984.3553316593170000     350.8299866
    1984.3579955995083000     350.3399963
    1984.3580582141876000     350.6199951
    1984.3636156618595000     350.3699951
    1984.3659020066261000     350.3200073
    1984.3712906241417000     350.9299927
    1984.3712943792343000     351.4299927
    1984.3712962865829000     351.1700134
    1984.3713001012802000     350.8599854
    1984.3737685978413000     351.1300049
    1984.3796334266663000     350.2600098
    1984.3956625759602000     350.5350037
    1984.4121584594250000     349.8599854
    1984.4121622741222000     349.9000244
    1984.4121641516685000     349.9799805
    1984.4121793210506000     349.9700012
    1984.4259392023087000     349.3750000
    1984.4259448945522000     349.3800049
    1984.4449567496777000     349.7799988
    1984.4449624419212000     349.7699890
    1984.4449662268162000     349.8900146
    1984.4641867876053000     347.4450073
    1984.4641886651516000     347.3850098
    1984.4641962647438000     347.2449951
    1984.4833219349384000     347.8666687
    1984.4833238422871000     347.8699951
    1984.5024400353432000     344.4124756
    1984.5024476051331000     344.4700012
    1984.5517607331276000     340.7600098
    1984.5626612305641000     337.4500122
    1984.5626631379128000     337.3599854
    1984.5626726746559000     337.7299805
    1984.5790641903877000     338.7449951
    1984.5790737271309000     338.2900085
    1984.6062177419662000     336.7100220
    1984.6062291264534000     335.1849976
    1984.6062329411507000     335.1300049
    1984.6256830692291000     335.8525085
    1984.6256868243217000     335.1199951
    1984.6444330811501000     335.8900146
    1984.6445203423500000     335.2200012
    1984.6445298194885000     335.4400024
    1984.6445374488831000     335.4200134
    1984.6610978245735000     336.5050049
    1984.6611908078194000     337.3299866
    1984.6612439155579000     336.3250122
    1984.6639439463615000     336.2200012
    1984.6745351552963000     335.6499939
    1984.6745502948761000     335.5299683
    1984.6745692491531000     335.7999878
    1984.6936380267143000     337.0400085
    1984.6936798095703000     336.5650024
    1984.6936892867088000     336.4600220
    1984.6936949491501000     336.7999878
    1984.7510416507721000     339.0000000
    1984.7510530352592000     339.0050049
    1984.7510758638382000     339.2049866
    1984.7511118650436000     339.1900024
    1984.7701768279076000     340.0800171
    1984.7701957821846000     339.9700012
    1984.7702451348305000     339.7900085
    1984.7702546119690000     339.9349976
    1984.8082934617996000     342.4799805
    1984.8084415197372000     342.6900024
    1984.8084490299225000     342.5000000
    1984.8084642291069000     342.7500000
    1984.8467573523521000     344.3049927
    1984.8467649817467000     344.2349854
    1984.8467706441879000     344.0000000
    1984.8467934131622000     344.1799927
    1984.8659285902977000     344.6300049
    1984.8659342527390000     344.5399780
    1984.8659418225288000     344.6550293
    1984.8659646511078000     344.4500122
    1984.8849973678589000     345.0050049
    1984.8850200772285000     344.8350220
    1984.8850315213203000     344.5599976
    1984.8850485682487000     344.6900024
    1984.9039996862411000     344.7500000
    1984.9040072560310000     344.8900146
    1984.9040205478668000     344.7500000
    1984.9040566086769000     344.7949829
    1984.9232923984528000     346.6599731
    1984.9232980608940000     346.6000061
    1984.9233075380325000     346.6149902
    1984.9423762559891000     347.0050049
    1984.9424046874046000     346.9100037
    1984.9424863457680000     346.9249878
    1984.9613995552063000     347.5999756
    1984.9615665078163000     347.6099854
    1984.9615740776062000     347.5350037
    1984.9615892171860000     347.6049805
    1984.9806125164032000     349.7399902
    1984.9807301163673000     350.0199890
    1984.9807395935059000     349.7500000
    1984.9807586073875000     349.8599854
    1985.0189726017416000     350.2149963
    1985.0190506093204000     350.0800171
    1985.0190563164651000     349.9649963
    1985.0190734397620000     350.1250000
    1985.0272184163332000     350.2000122
    1985.0272450540215000     349.9899902
    1985.0272583719343000     350.0800171
    1985.0272640790790000     350.0000000
    1985.0436035022140000     348.8400269
    1985.0436073057353000     349.4750061
    1985.0436149165034000     349.1499939
    1985.0436320416629000     349.3250122
    1985.0626445934176000     349.0700073
    1985.0626579150558000     349.1099854
    1985.0626712292433000     349.3200073
    1985.0627473369241000     348.9849854
    1985.0818036496639000     348.7749939
    1985.0818131640553000     348.3549805
    1985.0818360000849000     348.5050049
    1985.0818873643875000     348.6199951
    1985.1029699370265000     348.7074890
    1985.1039003059268000     348.7000122
    1985.1040886566043000     348.6549988
    1985.1201008409262000     349.0599976
    1985.1201103478670000     349.1900024
    1985.1201236695051000     349.5350037
    1985.1503177285194000     349.8150024
    1985.1503234505653000     350.0350037
    1985.1504471004009000     350.3500061
    1985.1504737436771000     349.8450012
    1985.1642998605967000     349.8200073
    1985.1643379032612000     349.8150024
    1985.1643759459257000     349.7500000
    1985.1643854677677000     349.7300110
    1985.1778177320957000     350.0899963
    1985.1780441403389000     350.5799866
    1985.1780650615692000     350.0549927
    1985.1780974119902000     350.1699829
    1985.1969901025295000     350.8750000
    1985.1970072239637000     350.6400146
    1985.1970604956150000     350.8900146
    1985.1958904117346000     350.7049866
    1985.2191495448351000     350.0499878
    1985.2191609591246000     350.2249756
    1985.2192161381245000     350.3399963
    1985.2193588316441000     349.9349976
    1985.2470871508121000     351.9199829
    1985.2470966428518000     351.5249939
    1985.2471080720425000     351.7449951
    1985.2471270859241000     351.5800171
    1985.2546194791794000     351.0499878
    1985.2548211514950000     351.3349915
    1985.2548306584358000     350.8800049
    1985.2548401653767000     350.8649902
    1985.2736206352711000     350.8800049
    1985.2736282348633000     350.9899902
    1985.2736434638500000     350.8950195
    1985.2736681699753000     350.7050171
    1985.2765715420246000     351.3099976
    1985.2765981853008000     351.7099915
    1985.2927454411983000     351.7750244
    1985.2927530407906000     351.8599854
    1985.2927644550800000     351.7550049
    1985.2928177118301000     351.6799927
    1985.3120509982109000     351.5000000
    1985.3120719194412000     351.1300049
    1985.3121175765991000     351.2149963
    1985.3311054110527000     353.0750122
    1985.3311244249344000     352.8350220
    1985.3311320245266000     352.9849854
    1985.3312157392502000     353.5050049
    1985.3501712381840000     352.1950073
    1985.3501807451248000     352.3150024
    1985.3502758741379000     352.3699951
    1985.3502948880196000     352.4049988
    1985.3693131804466000     352.2349854
    1985.3693150579929000     352.4799805
    1985.3694349229336000     351.6499939
    1985.3694444298744000     352.4349976
    1985.3973592221737000     352.8900146
    1985.3973706066608000     352.9049988
    1985.3974220156670000     352.7399902
    1985.3974885940552000     352.6649780
    1985.4076655209064000     351.2949829
    1985.4076750576496000     351.3200073
    1985.4077378511429000     351.2200012
    1985.4077416360378000     351.3500061
    1985.4269596636295000     350.2749939
    1985.4269672930241000     350.1300049
    1985.4269748926163000     350.2149963
    1985.4270167648792000     350.1900024
    1985.4459950625896000     350.0299988
    1985.4460045695305000     350.2899780
    1985.4460083842278000     350.1500244
    1985.4460330903530000     349.9500122
    1985.4652892053127000     350.2500000
    1985.4653101265430000     350.4000244
    1985.4653729200363000     350.2850037
    1985.4654052555561000     349.7749939
    1985.4845167398453000     348.0150146
    1985.4845205247402000     347.9899902
    1985.4846746623516000     348.0050049
    1985.4846765398979000     347.9049988
    1985.5153957605362000     345.9349976
    1985.5154033303261000     345.6599731
    1985.5155155658722000     345.7250061
    1985.5174943208694000     345.6900024
    1985.5258504748344000     345.4800110
    1985.5258580446243000     345.7150269
    1985.5258656740189000     345.5450134
    1985.5259836316109000     345.0199890
    1985.5451388955116000     343.0299988
    1985.5451483726501000     342.8850098
    1985.5451673865318000     342.6500244
    1985.5451692938805000     343.0399780
    1985.5614992380142000     340.7799988
    1985.5615030527115000     340.6950073
    1985.5615201592445000     339.5899963
    1985.5615220665932000     342.3999939
    1985.5944901108742000     337.3399963
    1985.5945110321045000     337.7200012
    1985.6163508296013000     337.6199951
    1985.6163945794106000     338.3800049
    1985.6164250373840000     336.2700195
    1985.6355022788048000     336.9700012
    1985.6355118155479000     337.4249878
    1985.6355193853378000     336.9649963
    1985.6356735229492000     335.9550171
    1985.6436967253685000     336.6749878
    1985.6437119245529000     337.1900024
    1985.6437823176384000     337.2000122
    1985.6437899470329000     336.2399902
    1985.6739269495010000     336.9100037
    1985.6739383935928000     336.8349915
    1985.6739630699158000     335.9299927
    1985.6821290254593000     336.2449951
    1985.6821346879005000     336.2000122
    1985.6821480393410000     336.2100220
    1985.6821537017822000     336.1950073
    1985.6821822524071000     336.1250000
    1985.6957533955574000     337.3800049
    1985.6957591176033000     336.8400269
    1985.6957991123199000     336.8549805
    1985.6958808898926000     337.2000122
    1985.7312937378883000     341.3649902
    1985.7396803498268000     339.2349854
    1985.7396860718727000     339.1550293
    1985.7397069931030000     339.2000122
    1985.7410959005356000     338.6049805
    1985.7561262845993000     341.1699829
    1985.7561377286911000     341.0050049
    1985.7561548352242000     340.9400024
    1985.7562138438225000     340.9600220
    1985.7775114178658000     343.4224854
    1985.7775209546089000     343.7300110
    1985.7775589823723000     343.3900146
    1985.8080669641495000     344.4349976
    1985.8081430792809000     344.9349976
    1985.8081525564194000     344.4750061
    1985.8275703787804000     345.9550171
    1985.8275874853134000     345.7650146
    1985.8276160359383000     345.6950073
    1985.8465563058853000     348.4550171
    1985.8465867638588000     345.7500000
    1985.8465943336487000     346.2750244
    1985.8466228842735000     345.4400024
    1985.8849163055420000     348.6950073
    1985.8849524259567000     348.9200134
    1985.8849638104439000     348.8349915
    1985.8850494623184000     348.7150269
    1985.9014935493469000     348.1449890
    1985.9015069007874000     348.2850037
    1985.9015411138535000     348.2200012
    1985.9015544056892000     347.8349915
    1985.9232762455940000     348.2600098
    1985.9232819676399000     347.8850098
    1985.9232972264290000     347.9299927
    1985.9233105182648000     348.1000061
    1985.9344177842140000     348.0449829
    1985.9344653487206000     347.7200012
    1985.9344767928123000     348.5650024
    1985.9344787001610000     348.5499878
    1985.9448554515839000     347.5100098
    1985.9448630213737000     347.6099854
    1985.9448762536049000     347.5700073
    1985.9449010491371000     347.7200012
    1985.9972564578056000     350.8049927
    1985.9972640872002000     350.4849854
    1985.9972888231277000     350.3400269
    1985.9973078966141000     350.2799988
    1986.0191533491015000     348.8900146
    1986.0191590562463000     348.9450073
    1986.0191685706377000     348.8599854
    1986.0191799849272000     348.6250000
    1986.0389745049179000     350.0000000
    1986.0389935337007000     350.0800171
    1986.0390030443668000     349.8549805
    1986.0390068516135000     350.0899963
    1986.0574961937964000     350.6199951
    1986.0575038045645000     350.7899780
    1986.0576331801713000     350.3250122
    1986.0766552537680000     353.3300171
    1986.0766742825508000     352.8099976
    1986.0766971036792000     352.8150024
    1986.0959760248661000     352.5549927
    1986.0959855392575000     351.6350098
    1986.0959950536489000     351.3699951
    1986.0960026606917000     351.8200073
    1986.1342370510101000     352.9299927
    1986.1342484802008000     352.4400024
    1986.1342656016350000     352.3900146
    1986.1343417167664000     352.4700012
    1986.1531297564507000     352.7500000
    1986.1531620919704000     352.7600098
    1986.1531868278980000     352.5299988
    1986.1702587455511000     354.1400146
    1986.1702910959721000     353.5899963
    1986.1703215390444000     353.9700012
    1986.1920547932386000     354.9249878
    1986.1920985579491000     354.0150146
    1986.1921118795872000     353.9650269
    1986.2137119472027000     353.5599976
    1986.2137804478407000     354.1650085
    1986.2165144532919000     353.2999878
    1986.2494101822376000     352.8599854
    1986.2494482547045000     352.9349976
    1986.2494653761387000     352.6199951
    1986.2680917084217000     352.9800110
    1986.2681145370007000     352.7900085
    1986.2681411802769000     352.6149902
    1986.2874809503555000     353.4899902
    1986.2874999940395000     353.9899902
    1986.2875304222107000     353.8850098
    1986.2958047986031000     352.7399902
    1986.2958656847477000     352.3900146
    1986.2945205569267000     352.2799988
    1986.3232020437717000     353.5650024
    1986.3232172727585000     353.6199951
    1986.3232591450214000     353.5299988
    1986.3394843935966000     353.3850098
    1986.3395547866821000     353.6549988
    1986.3395928442478000     353.5050049
    1986.3835178911686000     353.1950073
    1986.3835349977016000     352.9750061
    1986.3835559189320000     352.7849731
    1986.4054851531982000     353.4899902
    1986.4055365324020000     353.2650146
    1986.4056411683559000     353.3250122
    1986.4216285943985000     352.8599854
    1986.4216761887074000     352.8900146
    1986.4217275381088000     353.0700073
    1986.4411529600620000     350.9249878
    1986.4411605894566000     351.2000122
    1986.4684931635857000     348.6799927
    1986.4685273766518000     349.2700195
    1986.4685369133949000     348.8299866
    1986.4874010682106000     348.5399780
    1986.4874334037304000     348.6149902
    1986.5037252902985000     348.2449951
    1986.5037290453911000     348.1749878
    1986.5037556886673000     347.9550171
    1986.5370966792107000     342.1250000
    1986.5371385216713000     342.1900024
    1986.5562880635262000     344.0549927
    1986.5563185214996000     344.1450195
    1986.5563279986382000     343.7600098
    1986.5753938555717000     340.5599976
    1986.5754661560059000     341.0800171
    1986.5754756331444000     341.6400146
    1986.5942447185516000     340.0499878
    1986.5942655801773000     340.8800049
    1986.5943493247032000     340.3450012
    1986.6136948466301000     337.3750000
    1986.6137100458145000     336.5700073
    1986.6329299807549000     337.7799988
    1986.6329528093338000     338.0100098
    1986.6329566240311000     337.6599731
    1986.6711757779121000     338.2449951
    1986.6712176799774000     337.3300171
    1986.6712252497673000     337.8750000
    1986.6877245306969000     339.7149963
    1986.6877663731575000     338.8599854
    1986.6877949237823000     339.2799988
    1986.7146195173264000     344.4599915
    1986.7393264770508000     346.0800171
    1986.7752930521965000     345.9199829
    1986.7753234505653000     345.3599854
    1986.8135274052620000     347.2050171
    1986.8135464191437000     346.7600098
    1986.8135578036308000     346.7699890
    1986.8300037980080000     348.6499939
    1986.8300589919090000     349.3399963
    1986.8300799131393000     348.9949951
    1986.8712842464447000     352.2900085
    1986.8713185191154000     349.1300049
    1986.8905060887337000     350.3800049
    1986.8905422091484000     349.6699829
    1986.8905764818192000     350.4049988
    1986.9096347093582000     349.9700012
    1986.9096499085426000     349.6099854
    1986.9096746444702000     349.2149963
    1986.9260121583939000     352.3049927
    1986.9260426163673000     351.3299866
    1986.9260654449463000     352.0650024
    1986.9476522207260000     350.3649902
    1986.9479204416275000     350.6350098
    1986.9479357004166000     350.4199829
    1986.9671898484230000     351.1000061
    1986.9672279953957000     350.7550049
    1986.9672374725342000     350.8349915
    1986.9808428883553000     353.0000000
    1987.0245319623500000     354.7799988
    1987.0245624054223000     354.0625000
    1987.0452054776251000     352.9299927
    1987.0630764812231000     352.9149780
    1987.0631126314402000     352.9149780
    1987.0631278529763000     352.7750244
    1987.0791666656733000     352.2000122
    1987.0791856944561000     352.9849854
    1987.0792237445712000     352.4100037
    1987.1014649868011000     352.6400146
    1987.1015410944819000     354.4199829
    1987.1343226730824000     353.7825012
    1987.1591704785824000     354.2799988
    1987.1783200204372000     353.3499756
    1987.1783485561609000     353.4500122
    1987.1783732920885000     353.5650024
    1987.1946366131306000     355.3099976
    1987.1946442276239000     355.1099854
    1987.1946784555912000     355.2200012
    1987.2108257263899000     355.0299988
    1987.2108751982450000     354.8250122
    1987.2109056264162000     354.9400024
    1987.2355593591928000     353.8399963
    1987.2355612516403000     353.8549805
    1987.2356126159430000     353.9750061
    1987.2523116469383000     353.9450073
    1987.2523306906223000     353.8500061
    1987.2714079320431000     354.2799988
    1987.2714136242867000     353.6000061
    1987.2714611887932000     353.6199951
    1987.3015791475773000     353.6849976
    1987.3015943467617000     354.1400146
    1987.3016172051430000     354.1149902
    1987.3316304981709000     354.9849854
    1987.3316780924797000     354.2275085
    1987.3508504629135000     356.2949829
    1987.3508656620979000     356.2399902
    1987.3547945320606000     354.7999878
    1987.3782439231873000     355.8549805
    1987.3782914578915000     355.1600037
    1987.3783200085163000     355.1649780
    1987.4001331925392000     354.2850037
    1987.4001750648022000     354.9550171
    1987.4001959562302000     354.2500000
    1987.4302416443825000     354.2750244
    1987.4302796721458000     354.7650146
    1987.4302834868431000     354.1199951
    1987.4556601941586000     353.8699951
    1987.4556887149811000     352.7050171
    1987.4557039439678000     352.0100098
    1987.4849334061146000     351.2700195
    1987.4850646555424000     351.0299988
    1987.4850741922855000     351.1099854
    1987.4982020556927000     349.9799805
    1987.4982458055019000     349.5900269
    1987.4982591271400000     349.6400146
    1987.5315772294998000     347.5700073
    1987.5315924882889000     348.2050171
    1987.5316115021706000     346.4099731
    1987.5834608078003000     342.9500122
    1987.5834760069847000     343.4049988
    1987.5834855437279000     343.2600098
    1987.5999752283096000     339.8999939
    1987.5999847650528000     341.5449829
    1987.5999943017960000     341.4799805
    1987.6136510968208000     338.6499939
    1987.6411491632462000     340.1749878
    1987.6412481069565000     340.3399963
    1987.6412671208382000     341.0599976
    1987.6575494408607000     340.1599731
    1987.6602358818054000     339.8549805
    1987.6792275309563000     339.4949951
    1987.6793189048767000     339.3599854
    1987.7063356041908000     341.9500122
    1987.7063641548157000     342.5050049
    1987.7172964215279000     341.1250000
    1987.7173420786858000     340.7550049
    1987.7173458933830000     341.7999878
    1987.7395928502083000     342.1300049
    1987.7396537065506000     342.1099854
    1987.7396594285965000     342.1549988
    1987.7559760212898000     342.8350220
    1987.7560216784477000     342.7500000
    1987.7560387849808000     342.9649963
    1987.8026522397995000     346.7349854
    1987.8026731014252000     346.7949829
    1987.8026883602142000     347.0750122
    1987.8303824067116000     347.9000244
    1987.8303976058960000     348.2650146
    1987.8304699063301000     348.6600037
    1987.8552435040474000     348.3850098
    1987.8552701473236000     348.4849854
    1987.8552853465080000     348.4299927
    1987.8739060163498000     349.9450073
    1987.8739345073700000     350.1799927
    1987.8739611506462000     349.8900146
    1987.8876236677170000     350.2100220
    1987.8876331448555000     350.0750122
    1987.8876522183418000     350.2699890
    1987.9094501137733000     350.6300049
    1987.9094977378845000     350.7149963
    1987.9095091223717000     351.4600220
    1987.9315164089203000     351.5899963
    1987.9315182566643000     351.4349976
    1987.9315410852432000     351.3750000
    1987.9480308294296000     353.0799866
    1987.9480383992195000     353.2100220
    1987.9699143767357000     353.4249878
    1987.9699353575706000     353.3399963
    1987.9699486494064000     353.3200073
    1987.9947602152824000     353.4149780
    1987.9947754740715000     353.6699829
    1987.9948059320450000     353.5499878
    1988.0082232840359000     353.9400024
    1988.0082327714190000     354.5899963
    1988.0083674862981000     354.0150146
    1988.0245370380580000     354.5700073
    1988.0245522167534000     353.8800049
    1988.0245673954487000     353.7600098
    1988.0436665154994000     357.5599976
    1988.0437063574791000     357.4600220
    1988.0600239075720000     356.1549988
    1988.0600580573082000     355.6699829
    1988.0600751377642000     355.5549927
    1988.0873709768057000     356.9000244
    1988.0873842537403000     356.2600098
    1988.0874222069979000     357.0499878
    1988.1064378395677000     357.2050171
    1988.1283223330975000     358.4750061
    1988.1283716708422000     357.8300171
    1988.1447670012712000     356.8750000
    1988.1447935700417000     356.4299927
    1988.1641051918268000     357.9949951
    1988.1641431450844000     357.6199951
    1988.1641716063023000     356.9450073
    1988.1774172782898000     356.1049805
    1988.1774343550205000     355.8049927
    1988.1774438321590000     356.3999939
    1988.1939757913351000     356.7099915
    1988.1939795762300000     356.4400024
    1988.1939928680658000     357.2149963
    1988.2188866138458000     356.2699890
    1988.2188942134380000     356.4299927
    1988.2210591286421000     356.5499878
    1988.2314568161964000     357.0100098
    1988.2314966619015000     357.0000000
    1988.2315099537373000     356.7700195
    1988.2374582439661000     357.2600098
    1988.2401904910803000     357.4500122
    1988.2401999980211000     357.5000000
    1988.2727402150631000     359.1350098
    1988.2727648615837000     359.0549927
    1988.2919398844242000     358.0499878
    1988.2919948995113000     357.8200073
    1988.3109593093395000     357.1300049
    1988.3110010623932000     357.5150146
    1988.3469945490360000     358.3850098
    1988.3685033321381000     359.0200195
    1988.3685450851917000     357.1400146
    1988.3686285912991000     357.3800049
    1988.3875910937786000     356.0200195
    1988.3876119554043000     356.7899780
    1988.3876688778400000     356.5299988
    1988.4068685472012000     355.4049988
    1988.4069235920906000     355.7349854
    1988.4069425463676000     355.8649902
    1988.4259828329086000     357.7700195
    1988.4260340929031000     357.0000000
    1988.4261061847210000     358.1500244
    1988.4450326561928000     355.8850098
    1988.4450800716877000     355.4200134
    1988.4451066255569000     355.5650024
    1988.4673421382904000     354.9899902
    1988.4673762619495000     354.7699890
    1988.4860541820526000     353.3850098
    1988.4860674738884000     353.0200195
    1988.4860731363297000     353.0000000
    1988.5243928432465000     348.4899902
    1988.5244383811951000     348.0400085
    1988.5270567536354000     351.2100220
    1988.5271231532097000     348.3099976
    1988.5435546040535000     346.6900024
    1988.5436038970947000     346.3850098
    1988.5436304807663000     346.6400146
    1988.5626612305641000     346.5400085
    1988.5628035664558000     347.0350037
    1988.5628263354301000     347.0150146
    1988.5628548264503000     347.1099854
    1988.5818970203400000     345.2799988
    1988.5819349884987000     345.1449890
    1988.5819482803345000     345.0899963
    1988.6011972427368000     343.0549927
    1988.6012143492699000     342.7200012
    1988.6012560725212000     342.7249756
    1988.6142987012863000     343.3850098
    1988.6143063306808000     342.8800049
    1988.6144201755524000     343.2999878
    1988.6391981840134000     342.5599976
    1988.6392190456390000     342.4199829
    1988.6392968297005000     342.5850220
    1988.6556409001350000     342.6849976
    1988.6556523442268000     342.6400146
    1988.6556997299194000     342.5950012
    1988.6804910302162000     344.1449890
    1988.6804929375648000     344.3150024
    1988.6805270910263000     344.2100220
    1988.6941408514977000     344.9400024
    1988.6942528486252000     344.7750244
    1988.6943021416664000     344.7550049
    1988.7649552226067000     348.5100098
    1988.7649627923965000     349.0050049
    1988.7636612057686000     348.8099976
    1988.7924104332924000     351.0750122
    1988.7924161553383000     351.5599976
    1988.7924445867538000     351.4750061
    1988.8030794858932000     353.3800049
    1988.8031060099602000     352.9299927
    1988.8031591773033000     350.9899902
    1988.8031933307648000     350.7399902
    1988.8304398059845000     353.3999939
    1988.8304663896561000     352.5000000
    1988.8305062055588000     352.2150269
    1988.8305252194405000     352.2300110
    1988.8500303626060000     354.9049988
    1988.8500739932060000     354.4425049
    1988.8855513334274000     353.7100220
    1988.8866119980812000     353.5249634
    1988.9073011875153000     357.9149780
    1988.9073219895363000     357.6450195
    1988.9073371887207000     357.6950073
    1988.9073504805565000     357.7749939
    1988.9208276271820000     357.8624878
    1988.9208409190178000     357.1799927
    1988.9426892995834000     358.4899902
    1988.9427007436752000     359.7699890
    1988.9427064657211000     358.1900024
    1988.9590771198273000     357.5499878
    1988.9591017961502000     358.8050232
    1988.9591208100319000     357.3099976
    1988.9919455647469000     357.8399963
    1988.9919531345367000     358.7900085
    1988.9919911623001000     358.4800110
    1989.0193892698735000     359.5200195
    1989.0194311253726000     357.5100098
    1989.0548401810229000     360.7200012
    1989.0548496954143000     360.4150085
    1989.0548896528780000     359.5000000
    1989.0712804421782000     360.0599976
    1989.0712994635105000     360.0850220
    1989.0713089853525000     360.8649902
    1989.0713470354676000     360.4749756
    1989.1014764085412000     357.2099915
    1989.1015030443668000     356.7500000
    1989.1015410944819000     356.8800049
    1989.1123192533851000     359.1699829
    1989.1123858466744000     358.6449585
    1989.1124124825001000     359.0000000
    1989.1356164366007000     356.3399963
    1989.1724276989698000     359.5700073
    1989.1724885851145000     359.7200012
    1989.1725266426802000     359.3399963
    1989.1836168169975000     360.7000122
    1989.1836567819118000     360.2875061
    1989.2083314210176000     360.9599915
    1989.2083675861359000     360.0199890
    1989.2274676561356000     360.1649780
    1989.2275209277868000     360.0350037
    1989.2627530395985000     360.6849976
    1989.2627930045128000     360.5050049
    1989.2628272473812000     360.8549805
    1989.2628576755524000     360.6450195
    1989.2790829539299000     360.0499878
    1989.2790962755680000     360.0599976
    1989.2791095972061000     359.9450073
    1989.2791343033314000     359.9100037
    1989.3040258586407000     359.4766846
    1989.3040449023247000     359.3099976
    1989.3040620088577000     359.5700073
    1989.3041134178638000     359.3800049
    1989.3285292983055000     359.4249878
    1989.3285597562790000     359.8250122
    1989.3285882771015000     359.3499756
    1989.3286130130291000     359.9000244
    1989.3451445698738000     359.4550171
    1989.3451484143734000     359.4299927
    1989.3451502919197000     359.6950073
    1989.3451788425446000     359.5750122
    1989.3805974125862000     359.3049927
    1989.3806392550468000     359.0449829
    1989.3806887269020000     359.3250122
    1989.3807077705860000     359.4049988
    1989.4053405821323000     359.1849976
    1989.4054223597050000     359.2449951
    1989.4054318666458000     359.5750122
    1989.4054414033890000     359.2200012
    1989.4355003833771000     357.9550171
    1989.4355403184891000     358.1049805
    1989.4655403196812000     357.8699951
    1989.4655555486679000     359.0249939
    1989.4655707776546000     358.1300049
    1989.4656012356281000     357.9849854
    1989.5122260451317000     355.3733215
    1989.5122526884079000     355.2250061
    1989.5122621655464000     354.5249939
    1989.5122717022896000     354.6950073
    1989.5372508168221000     352.1799927
    1989.5372774004936000     351.9249878
    1989.5372906923294000     352.2149963
    1989.5373002290726000     352.2200012
    1989.5779204964638000     344.0299988
    1989.5889840126038000     343.1950073
    1989.5889896750450000     342.8099976
    1989.6294368505478000     342.2550049
    1989.6295281648636000     342.1900024
    1989.6295585632324000     341.4500122
    1989.6295928359032000     342.4000244
    1989.6683295369148000     344.6500244
    1989.6683447957039000     342.8250122
    1989.6683542728424000     344.1849976
    1989.6683694720268000     341.0100098
    1989.6959341764450000     344.8900146
    1989.6959418058395000     344.9349976
    1989.6959741115570000     344.5350037
    1989.6959893703461000     344.4700012
    1989.7120681405067000     344.8649902
    1989.7120890021324000     345.0950012
    1989.7121233344078000     344.7100220
    1989.7121385335922000     344.7000122
    1989.7287290692329000     347.0000000
    1989.7287366986275000     346.4750061
    1989.7287481427193000     346.7399902
    1989.7287614345551000     346.6499939
    1989.7834741473198000     350.9500122
    1989.7834988832474000     350.6900024
    1989.7835045456886000     350.9199829
    1989.7835235595703000     350.9599915
    1989.8021879792213000     351.3549805
    1989.8021975159645000     351.1799927
    1989.8022164702415000     350.9875183
    1989.8301864266396000     354.9600220
    1989.8302416205406000     355.9899902
    1989.8412024378777000     353.7849731
    1989.8412043452263000     353.3299866
    1989.8412557244301000     353.5700073
    1989.8412671089172000     353.5950012
    1989.8684113025665000     355.2025146
    1989.8684322834015000     355.0050049
    1989.8684455752373000     355.0750122
    1989.8821175694466000     358.5950012
    1989.8821270465851000     358.0900269
    1989.8821403980255000     358.0750122
    1989.8821689486504000     358.0750122
    1989.8982971906662000     356.2200012
    1989.8983162045479000     356.2000122
    1989.9178748130798000     358.0599976
    1989.9178900718689000     357.9049988
    1989.9178976416588000     357.8150024
    1989.9179167151451000     357.7899780
    1989.9370338916779000     358.9200134
    1989.9370377063751000     359.3900146
    1989.9370909929276000     358.9150085
    1989.9615144133568000     359.6199951
    1989.9615164399147000     357.6250000
    1989.9615676999092000     357.7500000
    1989.9747964143753000     359.1499939
    1989.9748230576515000     358.6000061
    1989.9748573303223000     358.8399963
    1989.9999219775200000     361.0499878
    1989.9999619722366000     361.0750122
    1989.9999809265137000     360.9749756
    1990.0137785384431000     360.3750000
    1990.0329280830920000     360.1849976
    1990.0329680368304000     359.2949829
    1990.0329813547432000     359.4500122
    1990.0597507618368000     362.7550049
    1990.0793721452355000     361.2500000
    1990.0793987810612000     362.9700012
    1990.0794235169888000     358.5150146
    1990.0794482529163000     358.4650269
    1990.1097050979733000     360.1950073
    1990.1097165122628000     361.8349915
    1990.1097640767694000     359.9000244
    1990.1097888126969000     359.6950073
    1990.1480327248573000     362.6849976
    1990.1480631679296000     360.7850037
    1990.1672507673502000     361.6549988
    1990.1672793030739000     363.3099976
    1990.1672850102186000     361.0650024
    1990.1673173457384000     361.1749878
    1990.1836643815041000     363.5249939
    1990.1836834102869000     361.9849854
    1990.1837233603001000     362.1900024
    1990.2138508409262000     362.4666748
    1990.2138907909393000     362.9600220
    1990.2378462851048000     361.1500244
    1990.2378481775522000     361.4199829
    1990.2378805130720000     361.2050171
    1990.2379395067692000     361.5000000
    1990.2628995478153000     361.7349854
    1990.2629223763943000     361.4450073
    1990.2629471123219000     361.6049805
    1990.2629604339600000     361.5150146
    1990.2819596529007000     360.9799805
    1990.2819615900517000     361.4100037
    1990.2819786965847000     361.5449829
    1990.2820110321045000     361.1549988
    1990.3006354570389000     360.6749878
    1990.3006373643875000     360.7600098
    1990.3006830215454000     360.6250000
    1990.3007039725780000     360.9700012
    1990.3204242885113000     361.0399780
    1990.3204528391361000     361.0449829
    1990.3391932845116000     362.0050049
    1990.3392142355442000     362.3150024
    1990.3395414650440000     361.3450012
    1990.3395624160767000     361.3150024
    1990.3587823510170000     361.8500061
    1990.3588089942932000     361.4500122
    1990.3588375151157000     361.5299988
    1990.3588394224644000     361.4150085
    1990.3752073943615000     362.5599976
    1990.3752473592758000     361.9500122
    1990.3752739727497000     361.9649963
    1990.3971746563911000     362.3699951
    1990.3972317278385000     361.9150085
    1990.4354452192783000     359.2900085
    1990.4354832470417000     359.0950012
    1990.4354870617390000     358.8049927
    1990.4545928537846000     356.2299805
    1990.4545966386795000     356.3300171
    1990.4546499252319000     356.0399780
    1990.4738584458828000     354.0499878
    1990.4738888740540000     353.8450012
    1990.4738965034485000     356.2299805
    1990.4870757162571000     355.2449951
    1990.4870909154415000     354.5499878
    1990.4870947599411000     355.2000122
    1990.5121974945068000     349.0399780
    1990.5505365729332000     348.6099854
    1990.5505631566048000     349.2600098
    1990.5696594715118000     347.2150269
    1990.5697298645973000     346.7500000
    1990.5697773694992000     345.3599854
    1990.5889802575111000     347.0549927
    1990.5889935493469000     345.5299988
    1990.6026027202606000     344.8800049
    1990.6026503443718000     344.1500244
    1990.6026750206947000     345.8399963
    1990.6218036413193000     343.9799805
    1990.6218360066414000     343.9100037
    1990.6218531131744000     344.0150146
    1990.6850475668907000     346.1450195
    1990.6850723028183000     345.7349854
    1990.7227054834366000     348.0700073
    1990.7227397561073000     347.3550110
    1990.7369672656059000     348.0249939
    1990.7422127127647000     347.5350037
    1990.7422374486923000     347.1400146
    1990.7422621846199000     347.1599731
    1990.7615125775337000     348.8900146
    1990.7615201473236000     348.9299927
    1990.7802130579948000     354.3150024
    1990.7802225947380000     354.1849976
    1990.7999277114868000     355.5450134
    1990.7999829053879000     354.6350098
    1990.8000095486641000     354.6849976
    1990.8103710412979000     353.0549927
    1990.8186377286911000     353.9000244
    1990.8186567425728000     353.6049805
    1990.8187043666840000     353.5599976
    1990.8493531346321000     356.6749878
    1990.8574714660645000     357.3850098
    1990.8575038313866000     358.0150146
    1990.8575304746628000     356.9349976
    1990.8766742348671000     355.2000122
    1990.8766952157021000     356.1049805
    1990.8904775977135000     356.4649963
    1990.8905155658722000     356.5599976
    1990.9149791002274000     358.2100220
    1990.9150228500366000     358.0950012
    1990.9341152906418000     359.2699890
    1990.9341323971748000     358.3399963
    1990.9424277544022000     357.2050171
    1990.9506087899208000     358.4150085
    1990.9506658911705000     357.9749756
    1990.9506677389145000     358.9500122
    1990.9727739691734000     361.6199951
    1990.9919196963310000     361.9450073
    1990.9919711351395000     361.0549927
    1991.0110350074247000     360.3575134
    1991.0110654495656000     360.8399963
    1991.0303025133908000     363.2700195
    1991.0303367581218000     362.5599976
    1991.0303500760347000     363.6450195
    1991.0495395734906000     362.2749939
    1991.0629661306739000     360.3099976
    1991.0630003809929000     360.3799744
    1991.1145072281361000     361.8850098
    1991.1259703189135000     361.9750061
    1991.1260083764791000     361.8699951
    1991.1260178834200000     361.6099854
    1991.1453044116497000     361.6500244
    1991.1453101187944000     361.2149963
    1991.1613584458828000     361.1950073
    1991.1614060103893000     361.3150024
    1991.1614250391722000     360.7749939
    1991.1830213218927000     362.8900146
    1991.1830707639456000     362.3549805
    1991.1830917000771000     362.8750000
    1991.2026426941156000     362.0950012
    1991.2026731371880000     362.1700134
    1991.2027207016945000     362.8099976
    1991.2219596654177000     362.7750244
    1991.2219786942005000     363.0700073
    1991.2219939082861000     361.8950195
    1991.2405441552401000     362.4299927
    1991.2405726909637000     360.7099915
    1991.2405860126019000     361.8850098
    1991.2603405416012000     362.1950073
    1991.2603690922260000     362.0800171
    1991.2795509994030000     363.1300049
    1991.2796518206596000     362.5400085
    1991.2796917855740000     362.1900024
    1991.2986586689949000     361.8800049
    1991.2987252473831000     362.1149902
    1991.3172298371792000     361.9749756
    1991.3172336220741000     361.5549927
    1991.3172850310802000     361.3950195
    1991.3364022076130000     362.7600098
    1991.3364421725273000     362.3549805
    1991.3562062382698000     361.7100220
    1991.3562214672565000     361.2949829
    1991.3562366664410000     361.9349976
    1991.3747412562370000     361.4849854
    1991.3747526407242000     361.3150024
    1991.3944520354271000     363.2600098
    1991.3944824934006000     363.1900024
    1991.3944881856441000     361.5100098
    1991.4130783975124000     361.9750061
    1991.4131088256836000     361.4050293
    1991.4131107330322000     361.5349731
    1991.4322069883347000     361.1350098
    1991.4322336316109000     360.8750000
    1991.4322926104069000     361.0000000
    1991.4486586749554000     360.4199829
    1991.4486872255802000     360.6450195
    1991.4487157464027000     360.6400146
    1991.4902282953262000     357.5750122
    1991.4902606308460000     358.3900146
    1991.5089878439903000     357.3150024
    1991.5090087056160000     357.0549927
    1991.5090239644051000     357.0100098
    1991.5315658450127000     354.7550049
    1991.5315829515457000     354.5499878
    1991.5316172242165000     354.4150085
    1991.5696061849594000     350.1499939
    1991.5696346759796000     350.1250000
    1991.5697013139725000     350.2850037
    1991.5862500071526000     349.6400146
    1991.5862918496132000     349.4849854
    1991.5862975716591000     349.4299927
    1991.6054604649544000     348.1900024
    1991.6054680347443000     347.8549805
    1991.6054737567902000     347.9100037
    1991.6242198944092000     345.4400024
    1991.6242598891258000     345.9899902
    1991.6461149454117000     345.6699829
    1991.6465030312538000     346.7650146
    1991.6465182900429000     346.6400146
    1991.6465563178062000     346.4500122
    1991.6824010610580000     345.9500122
    1991.6824486255646000     345.7399902
    1991.6824600696564000     345.8950195
    1991.7014040946960000     346.3549805
    1991.7014231681824000     346.0199890
    1991.7014269232750000     345.9800110
    1991.7204718589783000     349.4500122
    1991.7204908728600000     348.9500122
    1991.7205194234848000     349.1549988
    1991.7397012710571000     350.2750244
    1991.7397069931030000     350.6049805
    1991.7397222518921000     350.3950195
    1991.7671613693237000     351.1000061
    1991.7671689391136000     350.9299927
    1991.7671899199486000     350.7349854
    1991.7806602120399000     356.1049805
    1991.7806715965271000     355.9749756
    1991.7973078489304000     355.4400024
    1991.7973154783249000     354.9899902
    1991.7973458766937000     355.2949829
    1991.8356830477715000     358.1449890
    1991.8356868624687000     357.8900146
    1991.8357077240944000     357.8549805
    1991.8547374606133000     358.5000000
    1991.8547564744949000     358.7349854
    1991.8547849655151000     358.4949951
    1991.8740429878235000     358.2799988
    1991.8740505576134000     357.4100037
    1991.8740525245667000     357.2249756
    1991.9123762845993000     358.9899902
    1991.9124048352242000     358.6749878
    1991.9124087095261000     358.7749939
    1991.9288412928581000     361.4700012
    1991.9288451075554000     360.8999939
    1991.9313260912895000     360.0599976
    1991.9507325291634000     359.8499756
    1991.9507381916046000     359.6500244
    1991.9507552981377000     359.4450073
    1991.9697754979134000     360.5950012
    1991.9697964787483000     360.1049805
    1991.9698021411896000     360.2349854
    1991.9754186272621000     361.6699829
    1991.9781278967857000     361.7100220
    1991.9781564474106000     361.3750000
    1992.0080999545753000     363.2750244
    1992.0081170313060000     362.7899780
    1992.0081492867321000     362.5350037
    1992.0245028845966000     361.4150085
    1992.0245180632919000     360.8900146
    1992.0245503187180000     360.9799805
    1992.0655491054058000     361.1099854
    1992.0655699744821000     361.0350037
    1992.0820525959134000     362.5100098
    1992.0820563882589000     361.9600220
    1992.0820810571313000     361.8399963
    1992.1037776991725000     363.7150269
    1992.1038156524301000     363.4750061
    1992.1228749305010000     362.1749878
    1992.1229014843702000     361.7749939
    1992.1229128688574000     361.7299805
    1992.1556523293257000     361.5599976
    1992.1556656062603000     360.8300171
    1992.1557130366564000     361.0899963
    1992.1797738224268000     362.7349854
    1992.1797946989536000     362.4249878
    1992.1798440366983000     362.5700073
    1992.1995085626841000     361.8900146
    1992.1995104700327000     362.0449829
    1992.1995294392109000     361.6799927
    1992.2184558957815000     362.3049927
    1992.2184748798609000     362.0650024
    1992.2568761408329000     363.6549988
    1992.2568970024586000     363.9299927
    1992.2569159865379000     363.3250122
    1992.2731576561928000     362.6149902
    1992.2731747031212000     362.6799927
    1992.2731861174107000     362.3850098
    1992.2950573265553000     362.2849731
    1992.2950592041016000     362.1650085
    1992.2950629889965000     362.3950195
    1992.3031173944473000     362.2949829
    1992.3224707841873000     363.2700195
    1992.3224802911282000     363.2050171
    1992.3224897682667000     363.0050049
    1992.3525349199772000     362.9849854
    1992.3525443971157000     363.4849854
    1992.3525633811951000     362.7799988
    1992.3715144991875000     363.0599976
    1992.3715372681618000     362.5000000
    1992.3715410530567000     362.7500000
    1992.3878092765808000     360.9049988
    1992.3878187835217000     361.1049805
    1992.3878472447395000     360.9049988
    1992.4038308262825000     362.7399902
    1992.4038498103619000     362.8300171
    1992.4288725554943000     362.1650085
    1992.4288820624352000     362.0750122
    1992.4288915395737000     361.8950195
    1992.4481177926064000     359.6250000
    1992.4481310546398000     359.4599915
    1992.4481481611729000     359.2600098
    1992.4642702639103000     361.0849915
    1992.4642911255360000     360.8250122
    1992.4642968177795000     360.8750000
    1992.4835306704044000     358.6650085
    1992.4835572540760000     358.6400146
    1992.4835610389709000     358.9700012
    1992.5025956034660000     358.6099854
    1992.5026752948761000     358.2449951
    1992.5027037858963000     358.2099915
    1992.5404561161995000     353.3999939
    1992.5404921770096000     353.0750122
    1992.5405529141426000     353.1000061
    1992.5626138448715000     352.0050049
    1992.5626537203789000     352.6799927
    1992.5626612305641000     352.0199890
    1992.5818248987198000     349.2200012
    1992.5819064974785000     349.9649963
    1992.5819311141968000     350.2999878
    1992.5983074903488000     346.2600098
    1992.6201768517494000     347.4749756
    1992.6201844215393000     347.7699890
    1992.6202148199081000     347.3500061
    1992.6556637287140000     346.4899902
    1992.6556751132011000     346.1000061
    1992.6557054519653000     346.7899780
    1992.6747761368752000     346.6099854
    1992.6747969388962000     346.2250061
    1992.6748254299164000     346.8300171
    1992.6966757774353000     346.9199829
    1992.6966833472252000     346.7500000
    1992.7155851721764000     347.3999939
    1992.7155964970589000     347.0999756
    1992.7144808769226000     347.0850220
    1992.7349612712860000     350.2899780
    1992.7349708080292000     349.6699829
    1992.7540566325188000     351.0899963
    1992.7540755867958000     351.6199951
    1992.7540964484215000     351.0150146
    1992.7732886075974000     352.5750122
    1992.7732999324799000     352.4599915
    1992.7733094096184000     353.0449829
    1992.7924161553383000     353.3950195
    1992.7924199104309000     353.3599854
    1992.8114355802536000     353.8450012
    1992.8114659190178000     353.5949707
    1992.8115171790123000     353.9249878
    1992.8194064497948000     354.2200012
    1992.8194842934608000     354.0000000
    1992.8305783271790000     355.2699890
    1992.8305991888046000     354.7100220
    1992.8498709797859000     355.5650024
    1992.8498842716217000     355.1049805
    1992.8903347253799000     356.7349854
    1992.8903422951698000     356.9450073
    1992.8903555870056000     356.7500000
    1992.9066029191017000     358.6049805
    1992.9066143035889000     358.1550293
    1992.9206777811050000     360.1699829
    1992.9206948280334000     359.5249939
    1992.9206985831261000     359.8399963
    1992.9424844384193000     360.0100098
    1992.9425091147423000     359.4949951
    1992.9425716996193000     359.4949951
    1992.9611072540283000     360.8049927
    1992.9611243605614000     360.3800049
    1992.9612553715706000     360.8099976
    1992.9806941151619000     363.6950073
    1992.9807016849518000     363.1149902
    1992.9807167649269000     363.0599976
    1992.9997798800468000     360.8299866
    1992.9998045563698000     360.3049927
    1992.9998179078102000     360.4899902
    1993.0188964996487000     361.0750122
    1993.0189973376691000     361.0949707
    1993.0190182663500000     360.8099976
    1993.0463508367538000     364.3850098
    1993.0463527366519000     364.6400146
    1993.0463774725795000     364.2250061
    1993.0658466517925000     362.6199951
    1993.0658561661839000     362.8800049
    1993.0658770874143000     362.4800110
    1993.0762461945415000     363.3750000
    1993.0762614160776000     362.6649780
    1993.0763032734394000     363.0499878
    1993.0985197871923000     361.7349854
    1993.0985426157713000     361.4349976
    1993.0986092090607000     361.5449829
    1993.1177416220307000     361.6000061
    1993.1177435293794000     361.4100037
    1993.1342808306217000     363.2349854
    1993.1342979371548000     362.7850037
    1993.1780079901218000     363.1849976
    1993.1780232042074000     362.8649902
    1993.1864516735077000     362.3349915
    1993.1889193356037000     362.6549988
    1993.1889345496893000     362.3349915
    1993.1890182644129000     363.0399780
    1993.2079851478338000     364.0499878
    1993.2137138545513000     364.0200195
    1993.2137290835381000     363.6500244
    1993.2329147756100000     364.5750122
    1993.2329318821430000     364.1649780
    1993.2439573854208000     363.7700195
    1993.2439744919538000     363.3450012
    1993.2655136883259000     362.9599915
    1993.2655308246613000     362.4899902
    1993.2655993103981000     362.6900024
    1993.2823002338409000     362.8549805
    1993.2823135554790000     362.4500122
    1993.2823477983475000     362.6950073
    1993.3014269471169000     363.7099915
    1993.3014459609985000     363.8399963
    1993.3232039511204000     364.0549927
    1993.3232172727585000     363.5950012
    1993.3232210874557000     363.8949890
    1993.3446803689003000     363.8399963
    1993.3448059260845000     364.0750122
    1993.3448268771172000     363.5800171
    1993.3668055534363000     365.1500244
    1993.3668226897717000     365.1450195
    1993.3774752616882000     362.1149902
    1993.3774771690369000     361.9249878
    1993.3774867057800000     361.7149963
    1993.3971822559834000     363.4949951
    1993.3971974849701000     363.3349915
    1993.3972127139568000     362.9649963
    1993.4245814085007000     360.7749939
    1993.4246251881123000     360.8200073
    1993.4246480166912000     360.5900269
    1993.4432305991650000     361.2449951
    1993.4434551000595000     361.4400024
    1993.4434722065926000     361.2000122
    1993.4624961912632000     361.2550049
    1993.4625608921051000     361.5799866
    1993.4626103341579000     361.1499939
    1993.4821232855320000     359.7333069
    1993.5012176632881000     355.4199829
    1993.5012233853340000     355.0899963
    1993.5012956857681000     354.7699890
    1993.5203956961632000     351.7899780
    1993.5204623341560000     351.5950012
    1993.5397583842278000     350.6350098
    1993.5397735834122000     351.0499878
    1993.5581297874451000     348.8850098
    1993.5581354498863000     349.2749939
    1993.5581449866295000     348.7449951
    1993.5726369619370000     350.4149780
    1993.5726503133774000     350.0000000
    1993.5726597905159000     350.1749878
    1993.5971347093582000     348.2999878
    1993.5972127318382000     349.0399780
    1993.6157059073448000     348.1350098
    1993.6157286763191000     347.6699829
    1993.6293398141861000     346.8850098
    1993.6293569207191000     346.8299866
    1993.6293702125549000     347.1799927
    1993.6573477983475000     346.8099976
    1993.6573610901833000     346.6149902
    1993.6574638485909000     346.9899902
    1993.6735482811928000     350.5250244
    1993.6736034750938000     350.4949951
    1993.7316476702690000     349.7900085
    1993.7316685318947000     349.5750122
    1993.7317066192627000     349.4899902
    1993.7510958909988000     351.7000122
    1993.7511510848999000     351.2850037
    1993.7511529922485000     351.0200195
    1993.7697146534920000     354.4199829
    1993.7697203159332000     354.1250000
    1993.7697374224663000     353.8450012
    1993.7697697877884000     354.0899963
    1993.7830669283867000     352.9050293
    1993.7830746173859000     352.6199951
    1993.7830802798271000     352.4700012
    1993.7830879092216000     352.3349915
    1993.8078786134720000     354.9899902
    1993.8078843355179000     354.7399902
    1993.8078976273537000     354.2949829
    1993.8079090118408000     354.2699890
    1993.8240544199944000     357.0200195
    1993.8240658640862000     356.9649963
    1993.8240829706192000     356.5199890
    1993.8241190910339000     356.4049988
    1993.8461605906487000     359.7749939
    1993.8461643457413000     359.8099976
    1993.8570395708084000     357.7000122
    1993.8570472002029000     357.6099854
    1993.8570623993874000     357.4200134
    1993.8845167756081000     360.3349915
    1993.8845186233521000     360.7200012
    1993.8845243453979000     360.6799927
    1993.8845376372337000     360.2149963
    1993.9040448665619000     357.5700073
    1993.9040505886078000     357.4949951
    1993.9040677547455000     357.1300049
    1993.9041914343834000     357.2399902
    1993.9202492237091000     360.7800293
    1993.9202549457550000     360.4349976
    1993.9202758669853000     360.3049927
    1993.9202987551689000     360.2250061
    1993.9426293969154000     359.2649841
    1993.9426351189613000     359.2750244
    1993.9426483511925000     358.8350220
    1993.9557877182961000     362.5200195
    1993.9558028578758000     362.4849854
    1993.9558086395264000     362.1799927
    1993.9558143615723000     361.9100037
    1993.9861549139023000     361.8399963
    1993.9861605763435000     361.7999878
    1993.9861719608307000     361.3399963
    1993.9862461686134000     361.6199951
    1993.9998440146446000     364.6050110
    1993.9998592138290000     363.2300110
    1993.9999238848686000     363.4550171
    1994.0104223750532000     363.1350098
    1994.0104280821979000     362.6900024
    1994.0104452054948000     361.9799805
    1994.0104680359364000     362.2349854
    1994.0301769413054000     361.8850098
    1994.0301883574575000     360.5899963
    1994.0575589798391000     362.7199707
    1994.0575608834624000     362.1749878
    1994.0575646869838000     363.4249878
    1994.0575799085200000     362.1350098
    1994.0685216858983000     362.7500000
    1994.0685273930430000     363.5050049
    1994.0685407146811000     362.6099854
    1994.0698630139232000     362.5100098
    1994.0957324951887000     362.9649963
    1994.0957439094782000     362.7449951
    1994.0958143025637000     362.3450012
    1994.1148896515369000     363.0750122
    1994.1148934587836000     362.9849854
    1994.1148991659284000     362.4750061
    1994.1149105727673000     362.9150085
    1994.1311111152172000     364.5200195
    1994.1311339288950000     364.0200195
    1994.1530003845692000     365.9800110
    1994.1530041843653000     365.4550171
    1994.1530060917139000     365.9500122
    1994.1530137062073000     365.4000244
    1994.1669539660215000     365.8649902
    1994.1669691801071000     365.1300049
    1994.1670186519623000     364.9899902
    1994.1670471876860000     364.8500061
    1994.1918569207191000     365.2749939
    1994.1918607205153000     365.1199951
    1994.1918645352125000     364.7349854
    1994.1919558644295000     364.6199951
    1994.2167922407389000     364.7399902
    1994.2167998403311000     364.5150146
    1994.2168474197388000     364.4599915
    1994.2268759459257000     364.8099976
    1994.2268816530704000     365.5950012
    1994.2268911749125000     364.0900269
    1994.2269197106361000     364.0800171
    1994.2489364594221000     365.7449951
    1994.2489459663630000     364.0599976
    1994.2669615447521000     363.8549805
    1994.2678462564945000     365.2899780
    1994.2678538560867000     364.4799805
    1994.2678577005863000     363.9349976
    1994.2875761091709000     365.7200012
    1994.2875894308090000     363.6599731
    1994.2876293659210000     364.1600037
    1994.3067161142826000     365.1950073
    1994.3067218363285000     364.4349976
    1994.3067294359207000     363.6049805
    1994.3452834784985000     366.6900024
    1994.3452892005444000     366.4749756
    1994.3453005850315000     364.2600098
    1994.3453291356564000     363.9349976
    1994.3643797338009000     366.4299927
    1994.3630136847496000     363.9100037
    1994.3861986398697000     367.2600098
    1994.3862309753895000     364.7449951
    1994.3994767963886000     366.3950195
    1994.3995148539543000     363.6799927
    1994.4404737353325000     363.6650085
    1994.4404794573784000     363.7349854
    1994.4404965639114000     363.6499939
    1994.4405517578125000     363.3800049
    1994.4545319676399000     362.8950195
    1994.4545338451862000     362.8599854
    1994.4545433819294000     362.2750244
    1994.4545567035675000     364.0199890
    1994.4818112552166000     360.2349854
    1994.4818416833878000     360.7700195
    1994.4818474054337000     360.7449951
    1994.4819045066833000     360.6300049
    1994.4983656406403000     357.1400146
    1994.4983694851398000     357.0700073
    1994.4983789622784000     356.7150269
    1994.4983922839165000     356.8300171
    1994.5117123126984000     357.7250061
    1994.5117142200470000     357.7200012
    1994.5117332339287000     357.6149902
    1994.5117865204811000     357.4400024
    1994.5394710898399000     352.6774902
    1994.5394748449326000     352.7500000
    1994.5394977331161000     352.6550293
    1994.5585426092148000     353.2249756
    1994.5585502386093000     355.7799988
    1994.5585901737213000     353.4249878
    1994.5721974968910000     347.1499939
    1994.5725266337395000     347.4400024
    1994.5910273790359000     347.2999878
    1994.5911320447922000     348.1049805
    1994.6164060235023000     346.2149963
    1994.6164326667786000     346.1300049
    1994.6326255202293000     347.4849854
    1994.6326560378075000     347.9299927
    1994.6326864957809000     347.3900146
    1994.6515277624130000     349.7150269
    1994.6515772938728000     348.9899902
    1994.6516609191895000     350.1549988
    1994.6516742706299000     349.3900146
    1994.6736092567444000     359.1149902
    1994.6736928820610000     360.4349976
    1994.6737614274025000     362.1300049
    1994.6904318332672000     349.2949829
    1994.6904395222664000     352.3750000
    1994.6904965639114000     349.2200012
    1994.7063831686974000     349.9400024
    1994.7064174413681000     350.5599976
    1994.7064497470856000     349.7299805
    1994.7311910390854000     349.9849854
    1994.7312499880791000     350.7999878
    1994.7312557101250000     350.1000061
    1994.7499467134476000     353.2000122
    1994.7499676942825000     352.9550171
    1994.7671422958374000     356.7999878
    1994.7671803832054000     355.7250061
    1994.7888736724854000     360.5100098
    1994.7888888716698000     359.0299988
