2025 2 24 20 27 31 0
3
10
 1 1436
18166790
18164513
18161188
18160054
18158512
18160037
18162467
18163919
18167432
18165504
18164739
18164960
18165413
18166618
18165693
18165560
18167679
18168666
18167721
18169101
18170824
18174317
18175277
18174033
18177425
18180490
18181367
18178241
18175360
18174431
18176135
18177880
18181770
18187197
18190897
18191607
18193242
18193879
18199923
18199957
18201204
18203613
18207443
18210375
18208737
18206335
18206117
18202660
18198002
18192293
18188721
18183794
18179359
18169823
18162207
18153603
18147183
18140387
18132732
18121560
18111725
18098806
18092506
18084221
18075253
18064127
18054057
18044498
18035218
18025818
18017276
18010030
18005899
18003462
17998638
17993454
17989573
17986665
17985102
17981332
17980240
17981924
17982516
17982455
17982489
17986927
17993827
18002121
18010848
18025594
18039210
18052084
18061089
18071174
18084424
18100091
18113891
18127845
18138621
18154164
18169531
18188119
18203335
18222380
18240045
18260622
18283979
18303640
18323845
18344211
18368561
18391988
18417169
18439594
18464289
18487614
18508209
18530162
18549255
18572783
18598063
18625498
18650649
18673518
18696380
18722292
18749184
18777630
18805727
18827669
18850299
18869553
18892182
18912666
18937533
18959666
18985203
19005236
19028796
19053415
19079922
19101846
19126332
19147453
19169683
19189269
19209428
19230931
19253507
19275725
19296822
19314825
19329701
19342941
19362197
19383173
19406670
19426273
19442993
19459136
19473840
19490230
19507187
19523074
19537090
19547564
19561644
19577605
19595643
19613394
19626810
19637659
19645963
19658267
19671410
19686896
19700415
19708781
19716644
19723167
19736460
19747608
19756012
19766114
19773028
19780469
19787216
19794900
19803585
19811423
19819511
19827495
19837946
19844316
19850773
19854110
19857970
19861551
19867791
19871613
19875933
19877983
19880198
19886599
19891673
19897900
19900545
19903416
19902241
19901799
19900145
19903265
19906577
19908187
19908006
19907805
19906824
19907452
19906677
19907431
19907280
19907753
19907736
19911790
19911075
19906963
19905687
19901687
19903398
19900255
19899361
19898031
19895216
19891809
19888286
19884508
19881357
19878174
19872770
19866470
19859029
19857515
19856325
19855087
19846959
19839151
19831845
19828535
19827661
19826389
19821106
19817377
19807299
19800131
19793011
19789754
19786210
19780785
19774606
19768871
19760275
19746095
19732389
19722684
19720712
19719673
19718957
19719012
19713137
19706236
19698368
19694034
19685982
19677054
19666222
19660431
19654150
19645696
19639389
19634076
19627681
19622739
19612993
19607497
19602449
19594749
19587984
19580651
19575320
19569791
19557960
19545104
19530781
19519856
19507821
19495739
19483036
19475608
19467972
19457202
19447972
19435906
19425640
19411135
19402284
19395740
19390176
19382500
19373187
19363732
19356909
19350811
19346191
19342805
19338717
19336463
19337248
19337854
19336853
19333518
19332815
19334926
19338458
19338447
19339162
19340119
19339578
19341322
19339305
19342295
19342595
19346867
19348225
19347877
19349243
19347131
19349221
19350440
19353006
19354457
19353830
19351876
19349042
19349376
19348239
19345748
19347583
19346615
19344943
19335330
19328887
19326592
19328203
19329729
19331137
19328012
19326054
19321784
19314346
19307600
19298073
19295241
19294686
19291740
19288197
19283853
19282011
19279361
19272628
19262658
19255502
19252014
19250210
19246469
19240760
19233975
19228332
19214111
19205160
19196378
19193060
19186957
19182615
19175665
19169200
19157911
19154339
19150793
19147875
19142033
19134491
19127977
19121472
19112448
19106342
19100186
19095209
19086257
19078528
19068876
19064577
19060977
19056481
19047942
19038180
19029505
19026360
19023741
19018734
19013173
19003149
18994271
18986587
18979640
18973802
18968424
18959055
18951754
18944327
18937320
18928494
18915229
18907944
18902914
18903357
18899573
18893699
18883021
18871920
18867301
18862926
18858102
18854050
18849452
18845214
18836548
18829286
18823609
18818515
18812609
18807325
18800645
18794739
18786257
18780284
18775147
18772708
18767810
18761788
18757324
18752863
18750417
18742050
18734243
18727679
18723406
18720335
18715358
18708704
18700050
18693181
18689666
18684423
18681243
18677055
18676044
18670667
18664706
18659980
18658343
18656738
18653585
18649549
18645482
18637916
18633538
18627440
18623942
18619709
18614705
18610261
18605397
18598600
18594908
18589721
18589939
18584810
18579533
18570482
18565256
18562419
18561221
18558487
18554292
18546922
18542490
18538503
18537860
18536019
18533670
18528859
18523652
18520315
18520357
18521616
18519099
18515539
18509447
18506336
18498773
18495212
18488256
18488497
18485024
18480975
18476033
18469615
18466456
18465725
18464738
18466047
18466227
18465371
18460861
18453956
18451042
18448341
18449475
18446496
18444837
18441234
18439426
18436112
18436352
18433786
18434513
18430450
18427239
18421956
18418416
18413710
18411057
18406698
18404945
18404526
18404018
18404186
18400056
18397118
18390747
18384529
18380270
18378475
18378316
18379321
18380199
18380035
18376982
18371913
18369771
18366936
18361290
18356709
18351841
18352122
18352304
18351361
18353219
18352729
18350312
18347087
18345144
18345480
18346948
18346950
18347178
18345256
18344125
18340317
18340065
18337643
18337753
18334007
18333060
18330329
18325090
18319895
18318425
18319743
18322608
18321703
18320420
18319139
18316824
18314879
18309329
18307280
18304351
18304387
18301327
18299025
18299116
18299446
18302025
18301917
18299429
18295882
18292356
18292328
18295661
18297860
18303727
18303853
18302058
18295512
18288034
18285501
18283028
18282320
18282617
18283713
18283707
18283042
18283232
18280154
18277595
18275421
18277027
18278057
18277674
18275166
18273211
18273361
18271171
18271111
18267105
18263935
18260704
18259820
18257697
18260545
18260394
18259873
18255406
18248417
18246211
18244927
18249242
18251329
18253586
18253597
18254506
18253973
18251092
18246644
18246943
18245439
18246762
18244635
18242950
18240471
18234775
18234683
18236913
18239277
18241130
18242003
18240521
18238825
18238731
18239574
18239509
18241696
18244422
18247169
18244868
18241099
18239171
18239567
18240299
18239190
18238011
18237052
18237397
18239040
18239080
18237675
18236687
18234470
18231617
18229031
18227937
18227385
18228239
18227449
18225950
18224287
18220348
18219192
18217917
18218150
18218407
18216988
18214648
18218296
18219383
18220116
18216885
18216257
18213102
18210905
18209003
18210863
18216836
18219989
18220469
18215369
18213504
18216638
18219248
18221260
18219487
18219361
18221730
18223010
18221866
18216928
18213805
18213917
18213756
18211086
18208940
18207425
18206740
18203635
18203902
18205716
18207309
18206036
18203256
18202829
18205261
18203449
18202015
18196330
18196465
18197076
18198967
18198888
18200579
18203747
18206680
18206702
18203026
18201171
18197563
18195872
18190569
18188660
18191958
18195145
18196253
18194304
18191847
18193370
18196392
18198342
18199236
18198480
18197289
18197954
18195786
18197639
18197430
18200390
18197886
18196227
18193441
18193322
18191383
18189082
18186426
18187238
18191380
18193714
18192997
18188913
18187984
18190973
18195883
18196115
18196194
18194532
18196634
18196538
18197526
18196867
18197184
18195593
18193290
18190338
18189151
18190096
18188006
18185683
18185077
18185130
18190441
18191940
18194836
18188664
18183807
18184183
18188429
18188510
18184956
18185373
18189532
18192179
18189048
18184087
18179901
18178820
18178426
18183346
18184126
18183711
18184488
18183513
18186313
18186105
18183704
18182362
18180582
18184206
18184754
18183324
18179469
18177064
18174640
18175466
18176081
18177328
18176802
18173766
18177462
18183104
18188115
18185948
18183455
18181011
18182142
18183408
18184344
18187350
18188940
18189242
18188758
18188240
18186028
18187836
18188535
18188330
18189731
18187329
18191265
18191655
18191739
18193067
18193193
18193582
18193468
18190095
18185375
18183306
18182584
18185889
18185948
18184167
18183103
18179523
18178748
18178650
18180483
18182275
18180713
18177485
18174330
18172883
18175011
18176412
18178113
18179163
18181591
18183245
18181526
18180201
18178872
18180660
18181420
18180154
18177263
18177535
18178064
18179405
18182409
18182736
18184267
18183227
18181823
18181385
18177634
18175794
18176154
18176069
18175185
18175208
18175457
18177619
18178391
18177863
18177487
18172935
18170206
18170755
18178417
18186296
18185941
18184018
18181266
18186703
18185904
18178554
18171320
18170931
18177571
18181612
18179795
18176156
18171261
18169888
18172729
18174281
18175116
18174241
18176242
18176474
18176531
18176403
18178716
18178287
18179560
18183227
18187434
18188861
18184027
18182466
18181193
18181282
18181553
18179202
18179424
18176282
18175776
18176964
18178234
18179025
18177284
18176873
18176809
18179604
18179551
18182836
18184598
18187559
18189702
18187905
18188456
18183905
18182887
18183864
18189099
18191217
18188854
18185895
18184968
18189799
18192060
18193648
18196193
18197334
18200152
18199197
18197494
18198183
18199985
18204099
18204736
18203596
18202838
18200835
18202257
18200560
18202321
18202741
18202674
18200782
18203876
18207363
18210515
18208673
18205022
18200247
18196940
18197829
18194343
18193943
18188942
18190734
18195175
18194880
18197393
18195103
18193723
18191620
18192391
18196774
18203459
18206162
18205926
18202442
18200059
18199096
18200753
18200958
18203158
18200991
18200098
18195085
18197201
18196856
18199652
18198924
18199142
18196866
18198199
18199217
18200320
18196574
18194353
18197509
18206182
18209161
18208470
18203541
18201379
18200320
18200145
18198885
18198333
18197880
18201302
18202691
18205762
18204887
18204655
18202145
18202632
18202766
18201184
18199082
18197971
18202497
18204056
18201613
18199027
18196499
18199252
18201317
18201402
18200248
18196766
18193379
18192906
18192786
18195773
18194941
18193823
18192815
18194427
18194983
18196468
18195012
18193301
18192000
18191259
18193870
18196357
18196917
18194976
18197674
18199146
18200768
18195360
18190487
18192115
18197838
18201926
18203641
18202445
18203779
18205294
18206377
18207884
18207323
18208117
18205290
18202889
18203325
18202358
18200654
18198206
18193947
18194187
18190744
18192993
18196328
18199149
18201399
18200898
18197993
18198146
18197675
18196284
18194065
18193444
18195777
18195412
18192828
18190965
18191695
18191500
18192626
18196475
18199194
18196963
18193053
18194927
18201263
18206024
18205624
18201714
18198119
18197068
18195910
18193290
18190812
18191282
18192463
18193875
18193926
18193428
18196599
18197680
18199118
18200433
18198213
18195195
18192104
18192901
18195008
18196742
18199251
18198566
18199109
18195322
18196194
18198108
18197016
18192646
18189585
18187534
18185474
18186340
18189854
18195374
18194066
18192004
18189952
18188918
18189811
18190827
18192049
18192125
18192670
18196221
18198233
18197518
18197203
18197718
18199074
18199464
18201183
18201644
18202523
18198162
18196881
18195613
18198217
18200289
18200673
18201204
18200710
18198970
18195350
18194859
18195461
18196640
18196952
18198114
18199751
18200781
18200594
18198885
18196644
18195337
18195811
18193713
18190373
18186218
18186306
18184634
18182978
18182694
18183212
18183353
18182653
18183861
18180587
18179199
18176004
18179403
18179893
18179251
18177220
18174303
18173042
18172116
18176770
18180242
18180722
18181530
18180626
18182821
18180268
18174597
18166388
18160532
18161053
18166043
18171705
18173764
18172669
18173939
18171837
18173503
18176924
18179520
18180895
18178266
18176755
18177491
18176607
18177576
18177522
18174089
18173260
18172649
18171656
18172260
18172054
18174031
18174566
18174131
18172459
18174777
18173825
18173385
18170320
18167278
18164474
18163901
18164987
18165229
18167661
18168492
18173339
18174289
18171016
18168206
18169413
18172582
18173161
18169936
18165473
18161738
18162700
18161828
18161025
18162813
18163654
18164718
18166120
18165862
18167451
18165671
18163625
18163807
18166369
18170037
18169635
18168493
18164644
18162597
18158465
18158838
18159747
18164132
18162866
18162853
18161908
18161068
18160663
18160855
18160236
18161374
18162693
18162918
18161530
18159318
18163617
18168111
18168250
18166129
18163558
18162932
18164231
18166021
18167826
18167780
18163126
18164828
18166147
18168263
18166405
18163388
18160691
18160376
18163432
18166633
18167066
18164373
18162416
18164587
18167525
18173603
18177098
18181122
18187016
18189454
18196206
18199872
18208644
18217574
18225538
18232836
18240314
18251012
18262667
18274045
18284836
18298016
18314212
18330088
18345508
18361819
18383622
18402088
18420831
18438544
18460967
18484340
18507601
18529762
18555718
18580801
18604669
18625676
18648941
18677999
18708397
18736344
18759746
18784628
18811511
18834867
18859291
18878322
18902419
18922082
18941293
18961441
18981309
19004289
19024556
19042899
19056676
19068148
19075636
19085318
19093955
19102879
19107774
19109146
19106459
19102107
19096562
19096081
19095808
19097770
19095357
19089254
19082476
19075355
19068547
19060872
