  2018.063356164  3.982600000e+02
  2018.063394216  3.983400000e+02
  2018.063432268  3.983500000e+02
  2018.066210046  3.981800000e+02
  2018.066248097  3.983100000e+02
  2018.066286149  3.983500000e+02
  2018.069063927  3.982500000e+02
  2018.069101979  3.983500000e+02
  2018.069140030  3.983600000e+02
  2018.072031963  3.982800000e+02
  2018.072070015  3.983300000e+02
  2018.072108067  3.983600000e+02
  2018.075000000  3.982600000e+02
  2018.075038052  3.983500000e+02
  2018.075076104  3.983500000e+02
  2018.077853881  3.983100000e+02
  2018.077891933  3.983300000e+02
  2018.077929985  3.983200000e+02
  2018.080707763  3.982900000e+02
  2018.080745814  3.983500000e+02
  2018.080783866  3.983700000e+02
  2018.083675799  3.983500000e+02
  2018.083713851  3.983900000e+02
  2018.083751903  3.983600000e+02
  2018.086529680  3.983400000e+02
  2018.086567732  3.983500000e+02
  2018.086605784  3.983700000e+02
  2018.089497717  3.983300000e+02
  2018.089535769  3.983700000e+02
  2018.089573820  3.983200000e+02
  2018.092465753  3.982900000e+02
  2018.092503805  3.983600000e+02
  2018.092541857  3.983600000e+02
  2018.095319635  3.983300000e+02
  2018.095357686  3.983600000e+02
  2018.095395738  3.983700000e+02
  2018.098173516  3.983500000e+02
  2018.098211568  3.983700000e+02
  2018.098249619  3.983500000e+02
  2018.101027397  3.983200000e+02
  2018.101065449  3.983800000e+02
  2018.101103501  3.983600000e+02
  2018.103995434  3.983700000e+02
  2018.104033486  3.983400000e+02
  2018.104071537  3.983400000e+02
  2018.106849315  3.983600000e+02
  2018.106887367  3.983700000e+02
  2018.106925419  3.983200000e+02
  2018.109703196  3.983200000e+02
  2018.109741248  3.983800000e+02
  2018.109779300  3.983500000e+02
  2018.112671233  3.983600000e+02
  2018.112709285  3.983500000e+02
  2018.112747336  3.983500000e+02
  2018.115639269  3.982900000e+02
  2018.115677321  3.983600000e+02
  2018.115715373  3.983900000e+02
  2018.118607306  3.983500000e+02
  2018.118645358  3.983500000e+02
  2018.118683409  3.983700000e+02
  2018.121575342  3.983100000e+02
  2018.121613394  3.983300000e+02
  2018.121651446  3.983400000e+02
  2018.124543379  3.983200000e+02
  2018.124581431  3.983300000e+02
  2018.124619482  3.983400000e+02
  2018.127511416  3.983400000e+02
  2018.127549467  3.983300000e+02
  2018.127587519  3.983900000e+02
  2018.130365297  3.983300000e+02
  2018.130403349  3.983300000e+02
  2018.130441400  3.983900000e+02
  2018.133333333  3.983500000e+02
  2018.133371385  3.983400000e+02
  2018.133409437  3.983300000e+02
  2018.136301370  3.983800000e+02
  2018.136339422  3.983800000e+02
  2018.136377473  3.983900000e+02
  2018.139155251  3.983400000e+02
  2018.139193303  3.983600000e+02
  2018.139231355  3.983700000e+02
  2018.142123288  3.984000000e+02
  2018.142161339  3.983500000e+02
  2018.142199391  3.983600000e+02
  2018.144977169  3.983500000e+02
  2018.145015221  3.983400000e+02
  2018.145053272  3.983900000e+02
  2018.147945205  3.983400000e+02
  2018.147983257  3.983600000e+02
  2018.148021309  3.983400000e+02
  2018.150913242  3.983400000e+02
  2018.150951294  3.983600000e+02
  2018.150989346  3.983800000e+02
  2018.153767123  3.983300000e+02
  2018.153805175  3.983500000e+02
  2018.153843227  3.983700000e+02
  2018.156735160  3.983700000e+02
  2018.156773212  3.983600000e+02
  2018.156811263  3.983900000e+02
  2018.159703196  3.983000000e+02
  2018.159741248  3.983500000e+02
  2018.159779300  3.983600000e+02
  2018.162671233  3.982900000e+02
  2018.162709285  3.983400000e+02
  2018.162747336  3.983800000e+02
  2018.165525114  3.983500000e+02
  2018.165563166  3.983500000e+02
  2018.165601218  3.983700000e+02
  2018.168493151  3.983700000e+02
  2018.168531202  3.983700000e+02
  2018.168569254  3.983700000e+02
  2018.171461187  3.983600000e+02
  2018.171499239  3.983400000e+02
  2018.171537291  3.983700000e+02
  2018.174429224  3.983900000e+02
  2018.174467275  3.983600000e+02
  2018.174505327  3.983400000e+02
  2018.177397260  3.983500000e+02
  2018.177435312  3.983700000e+02
  2018.177473364  3.983600000e+02
  2018.180251142  3.983300000e+02
  2018.180289193  3.983700000e+02
  2018.180327245  3.984000000e+02
  2018.183105023  3.983300000e+02
  2018.183143075  3.983800000e+02
  2018.183181126  3.983500000e+02
  2018.186073059  3.983100000e+02
  2018.186111111  3.982900000e+02
  2018.186149163  3.983800000e+02
  2018.188926941  3.983500000e+02
  2018.188964992  3.983700000e+02
  2018.189003044  3.983300000e+02
  2018.191780822  3.983500000e+02
  2018.191818874  3.983500000e+02
  2018.191856925  3.983500000e+02
  2018.194748858  3.983500000e+02
  2018.194786910  3.983700000e+02
  2018.194824962  3.984100000e+02
  2018.197716895  3.983700000e+02
  2018.197754947  3.983400000e+02
  2018.197792998  3.983700000e+02
  2018.200684932  3.983700000e+02
  2018.200722983  3.983400000e+02
  2018.200761035  3.983600000e+02
  2018.203538813  3.983500000e+02
  2018.203576865  3.983400000e+02
  2018.203614916  3.983700000e+02
  2018.206506849  3.983400000e+02
  2018.206544901  3.983600000e+02
  2018.206582953  3.983600000e+02
  2018.209360731  3.983500000e+02
  2018.209398782  3.983400000e+02
  2018.209436834  3.983800000e+02
  2018.212328767  3.983700000e+02
  2018.212366819  3.983600000e+02
  2018.212404871  3.983600000e+02
  2018.215296804  3.983200000e+02
  2018.215334855  3.983600000e+02
  2018.215372907  3.983400000e+02
  2018.218150685  3.983700000e+02
  2018.218188737  3.983600000e+02
  2018.218226788  3.983900000e+02
  2018.221118721  3.983200000e+02
  2018.221156773  3.983800000e+02
  2018.221194825  3.983800000e+02
  2018.223972603  3.983400000e+02
  2018.224010654  3.983500000e+02
  2018.224048706  3.983600000e+02
  2018.226826484  3.983800000e+02
  2018.226864536  3.983600000e+02
  2018.226902588  3.984100000e+02
  2018.229680365  3.983200000e+02
  2018.229718417  3.983600000e+02
  2018.229756469  3.983200000e+02
  2018.232648402  3.983200000e+02
  2018.232686454  3.983700000e+02
  2018.232724505  3.983500000e+02
  2018.235616438  3.983400000e+02
  2018.235654490  3.983300000e+02
  2018.235692542  3.983300000e+02
  2018.238584475  3.983300000e+02
  2018.238622527  3.983800000e+02
  2018.238660578  3.983400000e+02
  2018.241438356  3.983400000e+02
  2018.241476408  3.983700000e+02
  2018.241514460  3.983500000e+02
  2018.244292237  3.983800000e+02
  2018.244330289  3.983600000e+02
  2018.244368341  3.983800000e+02
  2018.247260274  3.983400000e+02
  2018.247298326  3.983400000e+02
  2018.247336377  3.983700000e+02
  2018.250114155  3.983500000e+02
  2018.250152207  3.983500000e+02
  2018.250190259  3.983700000e+02
  2018.252968037  3.983200000e+02
  2018.253006088  3.983800000e+02
  2018.253044140  3.983400000e+02
  2018.255936073  3.983800000e+02
  2018.255974125  3.984000000e+02
  2018.256012177  3.984100000e+02
  2018.258789954  3.983800000e+02
  2018.258828006  3.984000000e+02
  2018.258866058  3.983500000e+02
  2018.261757991  3.983600000e+02
  2018.261796043  3.983800000e+02
  2018.261834094  3.983600000e+02
  2018.264726027  3.983900000e+02
  2018.264764079  3.983500000e+02
  2018.264802131  3.983600000e+02
  2018.267579909  3.983900000e+02
  2018.267617960  3.983700000e+02
  2018.267656012  3.983700000e+02
  2018.270433790  3.983800000e+02
  2018.270471842  3.983800000e+02
  2018.270509893  3.983500000e+02
  2018.273287671  3.983600000e+02
  2018.273325723  3.983600000e+02
  2018.273363775  3.983700000e+02
  2018.276255708  3.983600000e+02
  2018.276293760  3.983900000e+02
  2018.276331811  3.983500000e+02
  2018.279109589  3.983700000e+02
  2018.279147641  3.983800000e+02
  2018.279185693  3.983500000e+02
  2018.301369863  3.983500000e+02
  2018.301407915  3.983900000e+02
  2018.301445967  3.984000000e+02
  2018.304223744  3.983600000e+02
  2018.304261796  3.983800000e+02
  2018.304299848  3.983600000e+02
  2018.307077626  3.983700000e+02
  2018.307115677  3.983600000e+02
  2018.307153729  3.983800000e+02
  2018.310045662  3.983600000e+02
  2018.310083714  3.984100000e+02
  2018.310121766  3.983700000e+02
  2018.313013699  3.983400000e+02
  2018.313051750  3.983500000e+02
  2018.313089802  3.983900000e+02
  2018.315867580  3.984000000e+02
  2018.315905632  3.983900000e+02
  2018.315943683  3.983700000e+02
  2018.318835616  3.983800000e+02
  2018.318873668  3.983800000e+02
  2018.318911720  3.983800000e+02
  2018.321689498  3.983700000e+02
  2018.321727549  3.983800000e+02
  2018.321765601  3.984000000e+02
  2018.324657534  3.983900000e+02
  2018.324695586  3.983900000e+02
  2018.324733638  3.983700000e+02
  2018.327511416  3.983600000e+02
  2018.327549467  3.983800000e+02
  2018.327587519  3.983600000e+02
  2018.330479452  3.983700000e+02
  2018.330517504  3.983600000e+02
  2018.330555556  3.983600000e+02
  2018.333447489  3.983900000e+02
  2018.333485540  3.983700000e+02
  2018.333523592  3.983900000e+02
  2018.336301370  3.983800000e+02
  2018.336339422  3.983600000e+02
  2018.336377473  3.983900000e+02
  2018.339269406  3.983700000e+02
  2018.339307458  3.984200000e+02
  2018.339345510  3.984000000e+02
  2018.350456621  3.983600000e+02
  2018.350494673  3.983800000e+02
  2018.350532725  3.984000000e+02
  2018.353424658  3.983900000e+02
  2018.353462709  3.983900000e+02
  2018.353500761  3.984000000e+02
  2018.356392694  3.983500000e+02
  2018.356430746  3.983800000e+02
  2018.356468798  3.984100000e+02
  2018.359360731  3.983700000e+02
  2018.359398782  3.984200000e+02
  2018.359436834  3.983700000e+02
  2018.362328767  3.983400000e+02
  2018.362366819  3.983900000e+02
  2018.362404871  3.983800000e+02
  2018.365296804  3.984000000e+02
  2018.365334855  3.983600000e+02
  2018.365372907  3.983700000e+02
  2018.368150685  3.983700000e+02
  2018.368188737  3.984000000e+02
  2018.368226788  3.983800000e+02
  2018.371004566  3.983700000e+02
  2018.371042618  3.983700000e+02
  2018.371080670  3.984000000e+02
  2018.373972603  3.983600000e+02
  2018.374010654  3.983900000e+02
  2018.374048706  3.983900000e+02
  2018.376940639  3.983700000e+02
  2018.376978691  3.983500000e+02
  2018.377016743  3.983500000e+02
  2018.379908676  3.983800000e+02
  2018.379946728  3.984200000e+02
  2018.379984779  3.984100000e+02
  2018.382876712  3.983400000e+02
  2018.382914764  3.983900000e+02
  2018.382952816  3.983700000e+02
  2018.385730594  3.983700000e+02
  2018.385768645  3.983700000e+02
  2018.385806697  3.983800000e+02
  2018.388698630  3.983900000e+02
  2018.388736682  3.983600000e+02
  2018.388774734  3.983600000e+02
  2018.391552511  3.983900000e+02
  2018.391590563  3.983900000e+02
  2018.391628615  3.983700000e+02
  2018.394520548  3.984500000e+02
  2018.394558600  3.984000000e+02
  2018.394596651  3.984000000e+02
  2018.397488584  3.983900000e+02
  2018.397526636  3.983900000e+02
  2018.397564688  3.984200000e+02
  2018.400342466  3.983800000e+02
  2018.400380518  3.984200000e+02
  2018.400418569  3.983600000e+02
  2018.403310502  3.983800000e+02
  2018.403348554  3.983800000e+02
  2018.403386606  3.983700000e+02
  2018.406278539  3.983500000e+02
  2018.406316591  3.983500000e+02
  2018.406354642  3.984000000e+02
  2018.409246575  3.983800000e+02
  2018.409284627  3.983700000e+02
  2018.409322679  3.983800000e+02
  2018.412214612  3.983800000e+02
  2018.412252664  3.983900000e+02
  2018.412290715  3.983700000e+02
  2018.415068493  3.983800000e+02
  2018.415106545  3.983500000e+02
  2018.415144597  3.983400000e+02
  2018.418036530  3.983400000e+02
  2018.418074581  3.983700000e+02
  2018.418112633  3.983500000e+02
  2018.420890411  3.983900000e+02
  2018.420928463  3.983900000e+02
  2018.420966514  3.983900000e+02
  2018.423744292  3.983500000e+02
  2018.423782344  3.983800000e+02
  2018.423820396  3.983800000e+02
  2018.426598174  3.983500000e+02
  2018.426636225  3.983900000e+02
  2018.426674277  3.983800000e+02
  2018.429566210  3.983800000e+02
  2018.429604262  3.983800000e+02
  2018.429642314  3.983900000e+02
  2018.432420091  3.983800000e+02
  2018.432458143  3.983900000e+02
  2018.432496195  3.983700000e+02
  2018.435273973  3.983500000e+02
  2018.435312024  3.983900000e+02
  2018.435350076  3.983800000e+02
  2018.438242009  3.983600000e+02
  2018.438280061  3.983200000e+02
  2018.438318113  3.983900000e+02
  2018.441095890  3.983500000e+02
  2018.441133942  3.983800000e+02
  2018.441171994  3.983500000e+02
  2018.444063927  3.983700000e+02
  2018.444101979  3.983600000e+02
  2018.444140030  3.983800000e+02
  2018.446917808  3.983800000e+02
  2018.446955860  3.984000000e+02
  2018.446993912  3.983500000e+02
  2018.449885845  3.983800000e+02
  2018.449923896  3.983800000e+02
  2018.449961948  3.983900000e+02
  2018.452739726  3.983700000e+02
  2018.452777778  3.983200000e+02
  2018.452815830  3.983700000e+02
  2018.455707763  3.983400000e+02
  2018.455745814  3.983800000e+02
  2018.455783866  3.983800000e+02
  2018.458675799  3.983800000e+02
  2018.458713851  3.983700000e+02
  2018.458751903  3.983600000e+02
  2018.461643836  3.983900000e+02
  2018.461681887  3.983400000e+02
  2018.461719939  3.983900000e+02
  2018.464611872  3.983900000e+02
  2018.464649924  3.983800000e+02
  2018.464687976  3.983500000e+02
  2018.467579909  3.983400000e+02
  2018.467617960  3.983900000e+02
  2018.467656012  3.983600000e+02
  2018.470433790  3.983600000e+02
  2018.470471842  3.983700000e+02
  2018.470509893  3.983600000e+02
  2018.473401826  3.983800000e+02
  2018.473439878  3.983600000e+02
  2018.473477930  3.983700000e+02
  2018.476255708  3.983700000e+02
  2018.476293760  3.983700000e+02
  2018.476331811  3.984000000e+02
  2018.479223744  3.983500000e+02
  2018.479261796  3.983400000e+02
  2018.479299848  3.983800000e+02
  2018.482077626  3.983300000e+02
  2018.482115677  3.984100000e+02
  2018.482153729  3.983500000e+02
  2018.485045662  3.983800000e+02
  2018.485083714  3.983600000e+02
  2018.485121766  3.983800000e+02
  2018.487899543  3.983700000e+02
  2018.487937595  3.983800000e+02
  2018.487975647  3.983700000e+02
  2018.490867580  3.983200000e+02
  2018.490905632  3.983600000e+02
  2018.490943683  3.983600000e+02
  2018.493835616  3.984100000e+02
  2018.493873668  3.983700000e+02
  2018.493911720  3.983900000e+02
  2018.496803653  3.983600000e+02
  2018.496841705  3.983600000e+02
  2018.496879756  3.983700000e+02
  2018.499657534  3.983700000e+02
  2018.499695586  3.983900000e+02
  2018.499733638  3.983600000e+02
  2018.502511416  3.983800000e+02
  2018.502549467  3.983600000e+02
  2018.502587519  3.983900000e+02
  2018.505479452  3.983500000e+02
  2018.505517504  3.983200000e+02
  2018.505555556  3.983600000e+02
  2018.508447489  3.983700000e+02
  2018.508485540  3.983700000e+02
  2018.508523592  3.983800000e+02
  2018.511415525  3.984000000e+02
  2018.511453577  3.983700000e+02
  2018.511491629  3.983800000e+02
  2018.514269406  3.983700000e+02
  2018.514307458  3.983800000e+02
  2018.514345510  3.983600000e+02
  2018.517237443  3.983800000e+02
  2018.517275495  3.983400000e+02
  2018.517313546  3.984100000e+02
  2018.520205479  3.983400000e+02
  2018.520243531  3.983700000e+02
  2018.520281583  3.983500000e+02
  2018.523059361  3.983600000e+02
  2018.523097412  3.983400000e+02
  2018.523135464  3.983300000e+02
  2018.526027397  3.983500000e+02
  2018.526065449  3.984200000e+02
  2018.526103501  3.983500000e+02
  2018.528881279  3.984000000e+02
  2018.528919330  3.983600000e+02
  2018.528957382  3.983700000e+02
  2018.531849315  3.983700000e+02
  2018.531887367  3.983900000e+02
  2018.531925419  3.984000000e+02
  2018.534703196  3.983300000e+02
  2018.534741248  3.983600000e+02
  2018.534779300  3.983800000e+02
  2018.537671233  3.983900000e+02
  2018.537709285  3.983600000e+02
  2018.537747336  3.983700000e+02
  2018.540525114  3.983500000e+02
  2018.540563166  3.983500000e+02
  2018.540601218  3.983800000e+02
  2018.543378995  3.983800000e+02
  2018.543417047  3.983500000e+02
  2018.543455099  3.983500000e+02
  2018.546347032  3.983600000e+02
  2018.546385084  3.983900000e+02
  2018.546423135  3.983700000e+02
  2018.549315068  3.983400000e+02
  2018.549353120  3.983800000e+02
  2018.549391172  3.983800000e+02
  2018.552283105  3.983600000e+02
  2018.552321157  3.983700000e+02
  2018.552359209  3.983600000e+02
  2018.555136986  3.983500000e+02
  2018.555175038  3.983200000e+02
  2018.555213090  3.983600000e+02
  2018.558105023  3.983800000e+02
  2018.558143075  3.983700000e+02
  2018.558181126  3.983800000e+02
  2018.560958904  3.983900000e+02
  2018.560996956  3.983700000e+02
  2018.561035008  3.983800000e+02
  2018.563926941  3.983700000e+02
  2018.563964992  3.983700000e+02
  2018.564003044  3.983700000e+02
  2018.566780822  3.983600000e+02
  2018.566818874  3.983600000e+02
  2018.566856925  3.983600000e+02
  2018.569748858  3.983800000e+02
  2018.569786910  3.984100000e+02
  2018.569824962  3.984100000e+02
  2018.572602740  3.983900000e+02
  2018.572640791  3.983600000e+02
  2018.572678843  3.983500000e+02
  2018.575570776  3.983700000e+02
  2018.575608828  3.983600000e+02
  2018.575646880  3.983700000e+02
  2018.578538813  3.983600000e+02
  2018.578576865  3.983900000e+02
  2018.578614916  3.984000000e+02
  2018.581392694  3.983500000e+02
  2018.581430746  3.984000000e+02
  2018.581468798  3.983300000e+02
  2018.584246575  3.983700000e+02
  2018.584284627  3.983800000e+02
  2018.584322679  3.983300000e+02
  2018.587100457  3.983400000e+02
  2018.587138508  3.983700000e+02
  2018.587176560  3.983300000e+02
  2018.590068493  3.983500000e+02
  2018.590106545  3.983500000e+02
  2018.590144597  3.983900000e+02
  2018.593036530  3.983900000e+02
  2018.593074581  3.983800000e+02
  2018.593112633  3.983500000e+02
  2018.596004566  3.983500000e+02
  2018.596042618  3.983500000e+02
  2018.596080670  3.983800000e+02
  2018.598972603  3.983700000e+02
  2018.599010654  3.983600000e+02
  2018.599048706  3.983800000e+02
  2018.601826484  3.983700000e+02
  2018.601864536  3.983500000e+02
  2018.601902588  3.983800000e+02
  2018.604794521  3.983700000e+02
  2018.604832572  3.983300000e+02
  2018.604870624  3.983800000e+02
  2018.607648402  3.983200000e+02
  2018.607686454  3.983700000e+02
  2018.607724505  3.983600000e+02
  2018.610502283  3.983800000e+02
  2018.610540335  3.983900000e+02
  2018.610578387  3.983400000e+02
  2018.613470320  3.983300000e+02
  2018.613508371  3.984000000e+02
  2018.613546423  3.983900000e+02
  2018.616324201  3.983400000e+02
  2018.616362253  3.983200000e+02
  2018.616400304  3.983500000e+02
  2018.619292237  3.983700000e+02
  2018.619330289  3.983600000e+02
  2018.619368341  3.983800000e+02
  2018.622146119  3.983600000e+02
  2018.622184170  3.983800000e+02
  2018.622222222  3.983800000e+02
  2018.625114155  3.983700000e+02
  2018.625152207  3.983500000e+02
  2018.625190259  3.983700000e+02
  2018.627968037  3.984000000e+02
  2018.628006088  3.983500000e+02
  2018.628044140  3.983500000e+02
  2018.630936073  3.983400000e+02
  2018.630974125  3.983700000e+02
  2018.631012177  3.983900000e+02
  2018.633789954  3.983500000e+02
  2018.633828006  3.983600000e+02
  2018.633866058  3.983900000e+02
  2018.636643836  3.983800000e+02
  2018.636681887  3.983600000e+02
  2018.636719939  3.983700000e+02
  2018.639611872  3.983600000e+02
  2018.639649924  3.983400000e+02
  2018.639687976  3.983300000e+02
  2018.642465753  3.983600000e+02
  2018.642503805  3.983600000e+02
  2018.642541857  3.983500000e+02
  2018.645319635  3.983500000e+02
  2018.645357686  3.983800000e+02
  2018.645395738  3.983800000e+02
  2018.648287671  3.983700000e+02
  2018.648325723  3.983900000e+02
  2018.648363775  3.983600000e+02
  2018.651141553  3.983500000e+02
  2018.651179604  3.984100000e+02
  2018.651217656  3.983600000e+02
  2018.654109589  3.983700000e+02
  2018.654147641  3.983600000e+02
  2018.654185693  3.983900000e+02
  2018.656963470  3.983700000e+02
  2018.657001522  3.983800000e+02
  2018.657039574  3.983600000e+02
  2018.659817352  3.983700000e+02
  2018.659855403  3.983700000e+02
  2018.659893455  3.983400000e+02
  2018.662785388  3.983800000e+02
  2018.662823440  3.983800000e+02
  2018.662861492  3.983200000e+02
  2018.665639269  3.983900000e+02
  2018.665677321  3.983500000e+02
  2018.665715373  3.983700000e+02
  2018.668493151  3.983600000e+02
  2018.668531202  3.983900000e+02
  2018.668569254  3.983600000e+02
  2018.671347032  3.983200000e+02
  2018.671385084  3.983700000e+02
  2018.671423135  3.983500000e+02
  2018.674315068  3.983700000e+02
  2018.674353120  3.983300000e+02
  2018.674391172  3.983500000e+02
  2018.677283105  3.983200000e+02
  2018.677321157  3.983200000e+02
  2018.677359209  3.983300000e+02
  2018.680251142  3.983000000e+02
  2018.680289193  3.983300000e+02
  2018.680327245  3.983400000e+02
  2018.683105023  3.983400000e+02
  2018.683143075  3.983600000e+02
  2018.683181126  3.983500000e+02
  2018.686073059  3.983700000e+02
  2018.686111111  3.983200000e+02
  2018.686149163  3.983600000e+02
  2018.689041096  3.983400000e+02
  2018.689079148  3.983800000e+02
  2018.689117199  3.984000000e+02
  2018.691894977  3.983700000e+02
  2018.691933029  3.983900000e+02
  2018.691971081  3.983300000e+02
  2018.694863014  3.983500000e+02
  2018.694901065  3.983500000e+02
  2018.694939117  3.984000000e+02
  2018.697716895  3.983700000e+02
  2018.697754947  3.983800000e+02
  2018.697792998  3.983600000e+02
  2018.700684932  3.983500000e+02
  2018.700722983  3.983500000e+02
  2018.700761035  3.983800000e+02
  2018.703538813  3.983400000e+02
  2018.703576865  3.983700000e+02
  2018.703614916  3.983800000e+02
  2018.706506849  3.983600000e+02
  2018.706544901  3.983600000e+02
  2018.706582953  3.983900000e+02
  2018.709360731  3.983700000e+02
  2018.709398782  3.983500000e+02
  2018.709436834  3.983700000e+02
  2018.712328767  3.983300000e+02
  2018.712366819  3.983400000e+02
  2018.712404871  3.983500000e+02
  2018.715296804  3.983400000e+02
  2018.715334855  3.983800000e+02
  2018.715372907  3.983800000e+02
  2018.718264840  3.983700000e+02
  2018.718302892  3.983200000e+02
  2018.718340944  3.983600000e+02
  2018.721232877  3.983600000e+02
  2018.721270928  3.983700000e+02
  2018.721308980  3.983300000e+02
  2018.724200913  3.983500000e+02
  2018.724238965  3.983400000e+02
  2018.724277017  3.983900000e+02
  2018.727054795  3.983800000e+02
  2018.727092846  3.983500000e+02
  2018.727130898  3.984000000e+02
  2018.730022831  3.983300000e+02
  2018.730060883  3.983500000e+02
  2018.730098935  3.983500000e+02
  2018.732990868  3.983200000e+02
  2018.733028919  3.983300000e+02
  2018.733066971  3.983300000e+02
  2018.735844749  3.983600000e+02
  2018.735882801  3.983400000e+02
  2018.735920852  3.984100000e+02
  2018.738812785  3.983400000e+02
  2018.738850837  3.983500000e+02
  2018.738888889  3.983600000e+02
  2018.741780822  3.983500000e+02
  2018.741818874  3.983700000e+02
  2018.741856925  3.983800000e+02
  2018.744634703  3.983600000e+02
  2018.744672755  3.983600000e+02
  2018.744710807  3.983400000e+02
  2018.747602740  3.983800000e+02
  2018.747640791  3.983500000e+02
  2018.747678843  3.983400000e+02
  2018.750456621  3.983500000e+02
  2018.750494673  3.983700000e+02
  2018.750532725  3.983600000e+02
  2018.753310502  3.983200000e+02
  2018.753348554  3.983600000e+02
  2018.753386606  3.983700000e+02
  2018.756278539  3.983300000e+02
  2018.756316591  3.983700000e+02
  2018.756354642  3.983600000e+02
  2018.759132420  3.983300000e+02
  2018.759170472  3.983900000e+02
  2018.759208524  3.983700000e+02
  2018.762100457  3.983500000e+02
  2018.762138508  3.983400000e+02
  2018.762176560  3.983900000e+02
  2018.765068493  3.983500000e+02
  2018.765106545  3.984000000e+02
  2018.765144597  3.983500000e+02
  2018.767922374  3.983400000e+02
  2018.767960426  3.983400000e+02
  2018.767998478  3.983400000e+02
  2018.770890411  3.983600000e+02
  2018.770928463  3.983500000e+02
  2018.770966514  3.983600000e+02
  2018.773858447  3.984000000e+02
  2018.773896499  3.983300000e+02
  2018.773934551  3.983400000e+02
  2018.776826484  3.983300000e+02
  2018.776864536  3.983500000e+02
  2018.776902588  3.983700000e+02
  2018.779680365  3.983800000e+02
  2018.779718417  3.983500000e+02
  2018.779756469  3.983600000e+02
  2018.782648402  3.983400000e+02
  2018.782686454  3.983600000e+02
  2018.782724505  3.983700000e+02
  2018.785502283  3.983300000e+02
  2018.785540335  3.983400000e+02
  2018.785578387  3.983200000e+02
  2018.788356164  3.983300000e+02
  2018.788394216  3.983600000e+02
  2018.788432268  3.983600000e+02
  2018.791324201  3.983700000e+02
  2018.791362253  3.984000000e+02
  2018.791400304  3.983700000e+02
  2018.794292237  3.983400000e+02
  2018.794330289  3.983800000e+02
  2018.794368341  3.983600000e+02
  2018.797260274  3.983500000e+02
  2018.797298326  3.983700000e+02
  2018.797336377  3.983600000e+02
  2018.800228311  3.983500000e+02
  2018.800266362  3.983900000e+02
  2018.800304414  3.983600000e+02
  2018.803082192  3.983800000e+02
  2018.803120244  3.983800000e+02
  2018.803158295  3.983700000e+02
  2018.806050228  3.983500000e+02
  2018.806088280  3.983500000e+02
  2018.806126332  3.983700000e+02
  2018.808904110  3.983800000e+02
  2018.808942161  3.983400000e+02
  2018.808980213  3.983700000e+02
  2018.811757991  3.983500000e+02
  2018.811796043  3.983800000e+02
  2018.811834094  3.983200000e+02
  2018.814611872  3.983400000e+02
  2018.814649924  3.983200000e+02
  2018.814687976  3.983200000e+02
  2018.817579909  3.983200000e+02
  2018.817617960  3.983800000e+02
  2018.817656012  3.983600000e+02
  2018.820547945  3.983200000e+02
  2018.820585997  3.983400000e+02
  2018.820624049  3.983200000e+02
  2018.823515982  3.983200000e+02
  2018.823554033  3.983100000e+02
  2018.823592085  3.983700000e+02
  2018.826369863  3.983400000e+02
  2018.826407915  3.983600000e+02
  2018.826445967  3.983700000e+02
  2018.829337900  3.983400000e+02
  2018.829375951  3.983700000e+02
  2018.829414003  3.983400000e+02
  2018.832191781  3.983600000e+02
  2018.832229833  3.983300000e+02
  2018.832267884  3.983300000e+02
  2018.835045662  3.983500000e+02
  2018.835083714  3.983700000e+02
  2018.835121766  3.983400000e+02
  2018.838013699  3.983500000e+02
  2018.838051750  3.983500000e+02
  2018.838089802  3.983600000e+02
  2018.840867580  3.983400000e+02
  2018.840905632  3.983300000e+02
  2018.840943683  3.983800000e+02
  2018.843835616  3.983500000e+02
  2018.843873668  3.983500000e+02
  2018.843911720  3.983400000e+02
  2018.846689498  3.983600000e+02
  2018.846727549  3.983600000e+02
  2018.846765601  3.983600000e+02
  2018.849657534  3.983400000e+02
  2018.849695586  3.983300000e+02
  2018.849733638  3.983400000e+02
  2018.852511416  3.983300000e+02
  2018.852549467  3.983400000e+02
  2018.852587519  3.983300000e+02
  2018.855365297  3.983100000e+02
  2018.855403349  3.983200000e+02
  2018.855441400  3.983600000e+02
  2018.858333333  3.983300000e+02
  2018.858371385  3.983100000e+02
  2018.858409437  3.983300000e+02
  2018.861187215  3.983400000e+02
  2018.861225266  3.983300000e+02
  2018.861263318  3.983300000e+02
  2018.864041096  3.983500000e+02
  2018.864079148  3.983500000e+02
  2018.864117199  3.983600000e+02
  2018.867009132  3.983300000e+02
  2018.867047184  3.983200000e+02
  2018.867085236  3.983900000e+02
  2018.869863014  3.983700000e+02
  2018.869901065  3.983600000e+02
  2018.869939117  3.983700000e+02
  2018.872831050  3.983400000e+02
  2018.872869102  3.983500000e+02
  2018.872907154  3.983600000e+02
  2018.875684932  3.983800000e+02
  2018.875722983  3.983400000e+02
  2018.875761035  3.983000000e+02
  2018.878652968  3.983500000e+02
  2018.878691020  3.983000000e+02
  2018.878729072  3.983200000e+02
  2018.881621005  3.983300000e+02
  2018.881659056  3.983100000e+02
  2018.881697108  3.983300000e+02
  2018.884474886  3.982900000e+02
  2018.884512938  3.983400000e+02
  2018.884550989  3.983400000e+02
  2018.887442922  3.983100000e+02
  2018.887480974  3.983100000e+02
  2018.887519026  3.983400000e+02
  2018.890410959  3.983200000e+02
  2018.890449011  3.983000000e+02
  2018.890487062  3.983400000e+02
  2018.893264840  3.982900000e+02
  2018.893302892  3.983100000e+02
  2018.893340944  3.983000000e+02
  2018.896118721  3.983100000e+02
  2018.896156773  3.983100000e+02
  2018.896194825  3.983500000e+02
  2018.899086758  3.983100000e+02
  2018.899124810  3.983000000e+02
  2018.899162861  3.983300000e+02
  2018.901940639  3.983400000e+02
  2018.901978691  3.983400000e+02
  2018.902016743  3.983100000e+02
  2018.904794521  3.983500000e+02
  2018.904832572  3.983400000e+02
  2018.904870624  3.983400000e+02
  2018.907762557  3.983400000e+02
  2018.907800609  3.983800000e+02
  2018.907838661  3.983300000e+02
  2018.910730594  3.983400000e+02
  2018.910768645  3.983400000e+02
  2018.910806697  3.983200000e+02
  2018.913584475  3.983500000e+02
  2018.913622527  3.983700000e+02
  2018.913660578  3.983000000e+02
  2018.916552511  3.983300000e+02
  2018.916590563  3.983600000e+02
  2018.916628615  3.983400000e+02
  2018.919520548  3.983600000e+02
  2018.919558600  3.983500000e+02
  2018.919596651  3.983100000e+02
  2018.922374429  3.983300000e+02
  2018.922412481  3.983700000e+02
  2018.922450533  3.983400000e+02
  2018.925342466  3.983500000e+02
  2018.925380518  3.983800000e+02
  2018.925418569  3.983600000e+02
  2018.928196347  3.983500000e+02
  2018.928234399  3.983400000e+02
  2018.928272451  3.983300000e+02
  2018.931050228  3.983300000e+02
  2018.931088280  3.983500000e+02
  2018.931126332  3.983600000e+02
  2018.934018265  3.982900000e+02
  2018.934056317  3.983400000e+02
  2018.934094368  3.983400000e+02
  2018.936986301  3.983500000e+02
  2018.937024353  3.983500000e+02
  2018.937062405  3.983300000e+02
  2018.939840183  3.983300000e+02
  2018.939878234  3.983500000e+02
  2018.939916286  3.983000000e+02
  2018.942808219  3.982900000e+02
  2018.942846271  3.983600000e+02
  2018.942884323  3.983200000e+02
  2018.945776256  3.983900000e+02
  2018.945814307  3.984100000e+02
  2018.945852359  3.984000000e+02
  2018.948744292  3.983700000e+02
  2018.948782344  3.983800000e+02
  2018.948820396  3.984100000e+02
  2018.951598174  3.983700000e+02
  2018.951636225  3.983700000e+02
  2018.951674277  3.983900000e+02
  2018.954566210  3.984300000e+02
  2018.954604262  3.984100000e+02
  2018.954642314  3.983200000e+02
  2018.957534247  3.983900000e+02
  2018.957572298  3.983900000e+02
  2018.957610350  3.983900000e+02
  2018.960388128  3.984000000e+02
  2018.960426180  3.983900000e+02
  2018.960464231  3.983500000e+02
  2018.963356164  3.984000000e+02
  2018.963394216  3.984200000e+02
  2018.963432268  3.984000000e+02
  2018.966210046  3.984100000e+02
  2018.966248097  3.984100000e+02
  2018.966286149  3.984100000e+02
  2018.969178082  3.983800000e+02
  2018.969216134  3.984200000e+02
  2018.969254186  3.984200000e+02
  2018.972146119  3.984000000e+02
  2018.972184170  3.983900000e+02
  2018.972222222  3.983500000e+02
  2018.975000000  3.983700000e+02
  2018.975038052  3.983600000e+02
  2018.975076104  3.984300000e+02
  2018.977968037  3.983800000e+02
  2018.978006088  3.984000000e+02
  2018.978044140  3.983700000e+02
  2018.980821918  3.983900000e+02
  2018.980859970  3.983400000e+02
  2018.980898021  3.983400000e+02
  2018.983789954  3.983600000e+02
  2018.983828006  3.983300000e+02
  2018.983866058  3.983900000e+02
  2018.986643836  3.983900000e+02
  2018.986681887  3.983500000e+02
  2018.986719939  3.983600000e+02
  2018.989497717  3.983800000e+02
  2018.989535769  3.983400000e+02
  2018.989573820  3.984000000e+02
  2018.992351598  3.984100000e+02
  2018.992389650  3.983900000e+02
  2018.992427702  3.983300000e+02
  2018.995319635  3.982800000e+02
  2018.995357686  3.983700000e+02
  2018.995395738  3.983300000e+02
  2018.998173516  3.983800000e+02
  2018.998211568  3.983700000e+02
  2018.998249619  3.984000000e+02
  2019.001141553  3.983300000e+02
  2019.001179604  3.983500000e+02
  2019.001217656  3.983700000e+02
  2019.004109589  3.983700000e+02
  2019.004147641  3.983400000e+02
  2019.004185693  3.983700000e+02
  2019.007077626  3.983900000e+02
  2019.007115677  3.983800000e+02
  2019.007153729  3.984000000e+02
  2019.009931507  3.983800000e+02
  2019.009969559  3.983400000e+02
  2019.010007610  3.983600000e+02
  2019.012785388  3.983500000e+02
  2019.012823440  3.983300000e+02
  2019.012861492  3.983700000e+02
  2019.015639269  3.983400000e+02
  2019.015677321  3.984100000e+02
  2019.015715373  3.983700000e+02
  2019.018493151  3.983300000e+02
  2019.018531202  3.984000000e+02
  2019.018569254  3.983600000e+02
  2019.021347032  3.983700000e+02
  2019.021385084  3.983700000e+02
  2019.021423135  3.983500000e+02
  2019.024315068  3.983400000e+02
  2019.024353120  3.983900000e+02
  2019.024391172  3.983600000e+02
  2019.027283105  3.983700000e+02
  2019.027321157  3.983600000e+02
  2019.027359209  3.983500000e+02
  2019.030136986  3.983500000e+02
  2019.030175038  3.983600000e+02
  2019.030213090  3.983400000e+02
  2019.033105023  3.983600000e+02
  2019.033143075  3.983600000e+02
  2019.033181126  3.983800000e+02
  2019.036073059  3.983600000e+02
  2019.036111111  3.984000000e+02
  2019.036149163  3.983900000e+02
  2019.039041096  3.983200000e+02
  2019.039079148  3.983500000e+02
  2019.039117199  3.983500000e+02
  2019.042009132  3.984000000e+02
  2019.042047184  3.983800000e+02
  2019.042085236  3.983700000e+02
  2019.044863014  3.983400000e+02
  2019.044901065  3.984200000e+02
  2019.044939117  3.984300000e+02
  2019.047831050  3.983900000e+02
  2019.047869102  3.984000000e+02
  2019.047907154  3.983900000e+02
  2019.050684932  3.984000000e+02
  2019.050722983  3.983900000e+02
  2019.050761035  3.983800000e+02
  2019.053652968  3.983500000e+02
  2019.053691020  3.983800000e+02
  2019.053729072  3.984000000e+02
  2019.056506849  3.983600000e+02
  2019.056544901  3.983900000e+02
  2019.056582953  3.983900000e+02
  2019.059360731  3.983600000e+02
  2019.059398782  3.983800000e+02
  2019.059436834  3.984000000e+02
  2019.062328767  3.984100000e+02
  2019.062366819  3.984000000e+02
  2019.062404871  3.984000000e+02
  2019.065182648  3.983900000e+02
  2019.065220700  3.983900000e+02
  2019.065258752  3.983800000e+02
  2019.068036530  3.983500000e+02
  2019.068074581  3.983500000e+02
  2019.068112633  3.984000000e+02
  2019.071004566  3.983900000e+02
  2019.071042618  3.983900000e+02
  2019.071080670  3.983700000e+02
  2019.073858447  3.983800000e+02
  2019.073896499  3.983700000e+02
  2019.073934551  3.983800000e+02
  2019.076826484  3.983500000e+02
  2019.076864536  3.983800000e+02
  2019.076902588  3.984100000e+02
  2019.079794521  3.984000000e+02
  2019.079832572  3.983800000e+02
  2019.079870624  3.983600000e+02
  2019.082762557  3.983900000e+02
  2019.082800609  3.983600000e+02
  2019.082838661  3.983800000e+02
  2019.085616438  3.983600000e+02
  2019.085654490  3.983500000e+02
  2019.085692542  3.983700000e+02
  2019.088584475  3.983800000e+02
  2019.088622527  3.983900000e+02
  2019.088660578  3.984000000e+02
  2019.091438356  3.983500000e+02
  2019.091476408  3.983200000e+02
  2019.091514460  3.984100000e+02
  2019.094292237  3.983700000e+02
  2019.094330289  3.983600000e+02
  2019.094368341  3.983800000e+02
  2019.097260274  3.984000000e+02
  2019.097298326  3.983700000e+02
  2019.097336377  3.983700000e+02
  2019.100114155  3.983800000e+02
  2019.100152207  3.984100000e+02
  2019.100190259  3.983800000e+02
  2019.103082192  3.983900000e+02
  2019.103120244  3.983600000e+02
  2019.103158295  3.984000000e+02
  2019.105936073  3.984100000e+02
  2019.105974125  3.983600000e+02
  2019.106012177  3.983800000e+02
  2019.108789954  3.984000000e+02
  2019.108828006  3.983700000e+02
  2019.108866058  3.983600000e+02
  2019.111643836  3.983500000e+02
  2019.111681887  3.983800000e+02
  2019.111719939  3.983600000e+02
  2019.114611872  3.983500000e+02
  2019.114649924  3.983600000e+02
  2019.114687976  3.983900000e+02
  2019.117465753  3.983600000e+02
  2019.117503805  3.983300000e+02
  2019.117541857  3.983800000e+02
  2019.120433790  3.984100000e+02
  2019.120471842  3.984000000e+02
  2019.120509893  3.983800000e+02
  2019.123287671  3.984100000e+02
  2019.123325723  3.983500000e+02
  2019.123363775  3.983200000e+02
  2019.126255708  3.983500000e+02
  2019.126293760  3.983700000e+02
  2019.126331811  3.984000000e+02
  2019.129109589  3.983700000e+02
  2019.129147641  3.983800000e+02
  2019.129185693  3.984000000e+02
  2019.131963470  3.983700000e+02
  2019.132001522  3.983800000e+02
  2019.132039574  3.983800000e+02
  2019.134931507  3.983700000e+02
  2019.134969559  3.983600000e+02
  2019.135007610  3.983700000e+02
  2019.137899543  3.983600000e+02
  2019.137937595  3.983700000e+02
  2019.137975647  3.983300000e+02
  2019.140867580  3.983800000e+02
  2019.140905632  3.983800000e+02
  2019.140943683  3.983800000e+02
  2019.143721461  3.983900000e+02
  2019.143759513  3.983700000e+02
  2019.143797565  3.983800000e+02
  2019.146575342  3.984200000e+02
  2019.146613394  3.983700000e+02
  2019.146651446  3.983500000e+02
  2019.149429224  3.983800000e+02
  2019.149467275  3.983500000e+02
  2019.149505327  3.983900000e+02
  2019.152283105  3.983900000e+02
  2019.152321157  3.983700000e+02
  2019.152359209  3.983600000e+02
  2019.155251142  3.983600000e+02
  2019.155289193  3.983900000e+02
  2019.155327245  3.983800000e+02
  2019.158105023  3.983500000e+02
  2019.158143075  3.984200000e+02
  2019.158181126  3.983900000e+02
  2019.160958904  3.984000000e+02
  2019.160996956  3.984100000e+02
  2019.161035008  3.983900000e+02
  2019.163926941  3.983700000e+02
  2019.163964992  3.983500000e+02
  2019.164003044  3.983900000e+02
  2019.166894977  3.984000000e+02
  2019.166933029  3.983900000e+02
  2019.166971081  3.984100000e+02
  2019.169748858  3.983800000e+02
  2019.169786910  3.983300000e+02
  2019.169824962  3.983800000e+02
  2019.172716895  3.984000000e+02
  2019.172754947  3.984400000e+02
  2019.172792998  3.984000000e+02
  2019.175684932  3.983600000e+02
  2019.175722983  3.984100000e+02
  2019.175761035  3.984000000e+02
  2019.178652968  3.984100000e+02
  2019.178691020  3.984300000e+02
  2019.178729072  3.983900000e+02
  2019.181506849  3.983900000e+02
  2019.181544901  3.984000000e+02
  2019.181582953  3.984000000e+02
  2019.184360731  3.983600000e+02
  2019.184398782  3.983800000e+02
  2019.184436834  3.983800000e+02
  2019.187214612  3.983700000e+02
  2019.187252664  3.983800000e+02
  2019.187290715  3.984300000e+02
  2019.190182648  3.983900000e+02
  2019.190220700  3.984000000e+02
  2019.190258752  3.983900000e+02
  2019.193150685  3.984100000e+02
  2019.193188737  3.984200000e+02
  2019.193226788  3.983800000e+02
  2019.196004566  3.983900000e+02
  2019.196042618  3.984200000e+02
  2019.196080670  3.984100000e+02
  2019.198858447  3.984200000e+02
  2019.198896499  3.984300000e+02
  2019.198934551  3.984000000e+02
  2019.201712329  3.984000000e+02
  2019.201750381  3.984000000e+02
  2019.201788432  3.983800000e+02
  2019.204566210  3.984000000e+02
  2019.204604262  3.983600000e+02
  2019.204642314  3.983400000e+02
  2019.207534247  3.983700000e+02
  2019.207572298  3.984400000e+02
  2019.207610350  3.983700000e+02
  2019.210388128  3.984200000e+02
  2019.210426180  3.983900000e+02
  2019.210464231  3.984200000e+02
  2019.213356164  3.983900000e+02
  2019.213394216  3.983700000e+02
  2019.213432268  3.983500000e+02
  2019.216324201  3.983900000e+02
  2019.216362253  3.984100000e+02
  2019.216400304  3.984100000e+02
  2019.219292237  3.983700000e+02
  2019.219330289  3.984000000e+02
  2019.219368341  3.983600000e+02
  2019.222260274  3.983600000e+02
  2019.222298326  3.983700000e+02
  2019.222336377  3.984200000e+02
  2019.225114155  3.983700000e+02
  2019.225152207  3.984100000e+02
  2019.225190259  3.983800000e+02
  2019.228082192  3.983900000e+02
  2019.228120244  3.983900000e+02
  2019.228158295  3.984100000e+02
  2019.231050228  3.983800000e+02
  2019.231088280  3.983900000e+02
  2019.231126332  3.983800000e+02
  2019.233904110  3.983700000e+02
  2019.233942161  3.984100000e+02
  2019.233980213  3.984100000e+02
  2019.236872146  3.983800000e+02
  2019.236910198  3.984000000e+02
  2019.236948250  3.983900000e+02
  2019.239726027  3.984000000e+02
  2019.239764079  3.984000000e+02
  2019.239802131  3.983900000e+02
  2019.242694064  3.983900000e+02
  2019.242732116  3.983800000e+02
  2019.242770167  3.983800000e+02
  2019.245547945  3.983500000e+02
  2019.245585997  3.983600000e+02
  2019.245624049  3.983500000e+02
  2019.248515982  3.984200000e+02
  2019.248554033  3.984100000e+02
  2019.248592085  3.983800000e+02
  2019.251369863  3.983700000e+02
  2019.251407915  3.984200000e+02
  2019.251445967  3.983800000e+02
  2019.254337900  3.983900000e+02
  2019.254375951  3.983800000e+02
  2019.254414003  3.983500000e+02
  2019.257191781  3.983900000e+02
  2019.257229833  3.983900000e+02
  2019.257267884  3.983800000e+02
  2019.260159817  3.984000000e+02
  2019.260197869  3.983700000e+02
  2019.260235921  3.983700000e+02
  2019.263127854  3.984200000e+02
  2019.263165906  3.983500000e+02
  2019.263203957  3.983600000e+02
  2019.266095890  3.983900000e+02
  2019.266133942  3.983800000e+02
  2019.266171994  3.983800000e+02
  2019.269063927  3.983500000e+02
  2019.269101979  3.983800000e+02
  2019.269140030  3.984000000e+02
  2019.271917808  3.983100000e+02
  2019.271955860  3.983800000e+02
  2019.271993912  3.983700000e+02
  2019.274885845  3.983700000e+02
  2019.274923896  3.984100000e+02
  2019.274961948  3.983600000e+02
  2019.277853881  3.983400000e+02
  2019.277891933  3.983800000e+02
  2019.277929985  3.983600000e+02
  2019.280707763  3.983200000e+02
  2019.280745814  3.983800000e+02
  2019.280783866  3.984000000e+02
  2019.283675799  3.983700000e+02
  2019.283713851  3.983600000e+02
  2019.283751903  3.984000000e+02
  2019.286643836  3.983800000e+02
  2019.286681887  3.983600000e+02
  2019.286719939  3.983600000e+02
  2019.289611872  3.983400000e+02
  2019.289649924  3.983900000e+02
  2019.289687976  3.984100000e+02
  2019.292465753  3.983700000e+02
  2019.292503805  3.983700000e+02
  2019.292541857  3.983700000e+02
  2019.295433790  3.983800000e+02
  2019.295471842  3.983500000e+02
  2019.295509893  3.983600000e+02
  2019.298287671  3.983500000e+02
  2019.298325723  3.983900000e+02
  2019.298363775  3.983500000e+02
  2019.301141553  3.984000000e+02
  2019.301179604  3.983700000e+02
  2019.301217656  3.983600000e+02
  2019.304109589  3.984100000e+02
  2019.304147641  3.983900000e+02
  2019.304185693  3.983700000e+02
  2019.307077626  3.984200000e+02
  2019.307115677  3.983700000e+02
  2019.307153729  3.983800000e+02
  2019.310045662  3.983800000e+02
  2019.310083714  3.983700000e+02
  2019.310121766  3.983700000e+02
  2019.312899543  3.983500000e+02
  2019.312937595  3.983400000e+02
  2019.312975647  3.983500000e+02
  2019.315753425  3.983400000e+02
  2019.315791476  3.984000000e+02
  2019.315829528  3.983400000e+02
  2019.318721461  3.983600000e+02
  2019.318759513  3.983800000e+02
  2019.318797565  3.983400000e+02
  2019.321689498  3.983700000e+02
  2019.321727549  3.983900000e+02
  2019.321765601  3.983500000e+02
  2019.324543379  3.983800000e+02
  2019.324581431  3.983800000e+02
  2019.324619482  3.983800000e+02
  2019.327397260  3.983700000e+02
  2019.327435312  3.984100000e+02
  2019.327473364  3.983800000e+02
  2019.330365297  3.983800000e+02
  2019.330403349  3.983600000e+02
  2019.330441400  3.983500000e+02
  2019.333219178  3.983600000e+02
  2019.333257230  3.983500000e+02
  2019.333295282  3.983700000e+02
  2019.336073059  3.983700000e+02
  2019.336111111  3.983600000e+02
  2019.336149163  3.984400000e+02
  2019.338926941  3.983300000e+02
  2019.338964992  3.983800000e+02
  2019.339003044  3.983700000e+02
  2019.341780822  3.983800000e+02
  2019.341818874  3.983300000e+02
  2019.341856925  3.983800000e+02
  2019.344634703  3.983200000e+02
  2019.344672755  3.983700000e+02
  2019.344710807  3.983500000e+02
  2019.347602740  3.983700000e+02
  2019.347640791  3.984200000e+02
  2019.347678843  3.983700000e+02
  2019.350570776  3.983800000e+02
  2019.350608828  3.983700000e+02
  2019.350646880  3.983600000e+02
  2019.353424658  3.983800000e+02
  2019.353462709  3.983800000e+02
  2019.353500761  3.983400000e+02
  2019.356392694  3.983700000e+02
  2019.356430746  3.983900000e+02
  2019.356468798  3.983100000e+02
  2019.359360731  3.983900000e+02
  2019.359398782  3.983800000e+02
  2019.359436834  3.984000000e+02
  2019.362214612  3.983800000e+02
  2019.362252664  3.983700000e+02
  2019.362290715  3.983600000e+02
  2019.365182648  3.983500000e+02
  2019.365220700  3.983900000e+02
  2019.365258752  3.984100000e+02
  2019.368036530  3.983500000e+02
  2019.368074581  3.984100000e+02
  2019.368112633  3.983900000e+02
  2019.370890411  3.983800000e+02
  2019.370928463  3.983500000e+02
  2019.370966514  3.983900000e+02
  2019.373858447  3.984100000e+02
  2019.373896499  3.984100000e+02
  2019.373934551  3.983700000e+02
  2019.376712329  3.983700000e+02
  2019.376750381  3.983800000e+02
  2019.376788432  3.983800000e+02
  2019.379566210  3.983700000e+02
  2019.379604262  3.983600000e+02
  2019.379642314  3.983700000e+02
  2019.382420091  3.983200000e+02
  2019.382458143  3.983800000e+02
  2019.382496195  3.983700000e+02
  2019.385388128  3.983500000e+02
  2019.385426180  3.984000000e+02
  2019.385464231  3.983800000e+02
  2019.388356164  3.983900000e+02
  2019.388394216  3.983400000e+02
  2019.388432268  3.983700000e+02
  2019.391210046  3.984100000e+02
  2019.391248097  3.983900000e+02
  2019.391286149  3.984100000e+02
  2019.394178082  3.983700000e+02
  2019.394216134  3.983900000e+02
  2019.394254186  3.983800000e+02
  2019.397146119  3.983100000e+02
  2019.397184170  3.983700000e+02
  2019.397222222  3.983800000e+02
  2019.400114155  3.983600000e+02
  2019.400152207  3.983200000e+02
  2019.400190259  3.983300000e+02
  2019.403082192  3.983700000e+02
  2019.403120244  3.983700000e+02
  2019.403158295  3.983800000e+02
  2019.405936073  3.983700000e+02
  2019.405974125  3.983800000e+02
  2019.406012177  3.983700000e+02
  2019.408904110  3.983700000e+02
  2019.408942161  3.983900000e+02
  2019.408980213  3.983800000e+02
  2019.411757991  3.983800000e+02
  2019.411796043  3.983700000e+02
  2019.411834094  3.983500000e+02
  2019.414726027  3.983600000e+02
  2019.414764079  3.983600000e+02
  2019.414802131  3.983900000e+02
  2019.417579909  3.983900000e+02
  2019.417617960  3.983700000e+02
  2019.417656012  3.983700000e+02
  2019.420547945  3.983800000e+02
  2019.420585997  3.984200000e+02
  2019.420624049  3.983900000e+02
